178512
22994
187152
24079
192317
198328
55155
99972
74258
148766
164527
158873
133833
161316
47639
110079
8492
162985
12248
109411
148543
98176
35739
165907
159690
21675
133864
130705
18018
162039
117650
120540
122576
177850
32639
15027
132921
112622
105163
71586
36034
113127
36058
142553
87043
161774
92083
73156
184403
138420
12290
149829
148663
124223
138045
128884
72170
50660
76965
116306
10066
144570
111421
132710
39661
125102
58782
10006
59705
187247
13174
40427
96260
72826
1892
122497
140666
28667
111726
113676
143805
75211
4575
41545
7092
62648
169210
53351
42700
137315
96888
98769
102410
57249
30492
102425
102662
113813
122172
25533
14838
141873
32688
41237
6064
56149
69254
143908
72124
44628
71009
187055
182997
173200
49772
65235
145790
121569
130046
31037
136838
133784
146633
159644
147998
21625
142942
156745
39689
72209
54656
166341
114222
36702
74528
1934
124776
197151
32565
130051
150725
100034
6676
91805
152881
24525
33813
68605
167885
105913
92600
182009
24588
78709
129387
101480
36657
75854
95710
167649
98840
190126
4781
50309
52659
78958
48356
59089
107883
20007
144970
177930
145836
81159
180329
19678
141090
170526
84922
58677
158209
23991
53201
35285
75571
174885
76295
139588
7837
130575
159722
96781
109834
50928
162659
131660
44685
8381
150015
3510
191704
74455
192655
132565
132403
76652
171456
131162
74926
128121
113438
64333
175373
114007
160102
95530
42399
23525
26031
187305
169353
133141
124215
125719
191995
146548
106347
153784
112002
47603
25826
109784
17534
5714
179141
177545
73895
160646
94322
66842
161614
185135
18842
114450
120728
35821
194239
40454
60724
24774
55357
132303
53184
154925
67670
148043
180957
90361
153156
156827
172586
100859
53130
6733
149734
36490
98621
113867
75214
33149
195442
95803
12948
178150
177320
176727
6934
45805
117242
58020
199065
50234
8182
84676
122433
42000
178453
186903
6981
118224
105518
186986
64172
79208
112898
178089
99826
116076
59295
193876
92872
97303
193033
109205
171766
136352
46986
33630
16460
79996
91447
31974
75047
53797
79129
120815
30761
199844
177383
195947
39203
17451
106965
191900
18184
80426
73446
54618
187428
16608
112843
87461
138620
113931
78806
190852
170211
94774
153862
166266
77912
68928
128540
122681
184534
165982
76827
192950
107058
193694
52918
125123
52978
114037
144742
128434
8847
36607
147852
191221
56784
141308
39758
160791
164287
171843
43519
145411
180449
198157
116166
20299
141313
91520
179349
19438
166091
179909
126737
48172
171561
149260
84075
140426
81340
104585
2435
20091
74837
157873
37759
146191
123749
109624
13044
69823
4775
13911
31499
27178
21856
57702
15426
146751
75943
93295
83349
111059
86162
12442
50706
182921
121946
9842
164544
74141
150980
29259
107713
54512
175242
122864
16038
59820
73570
194046
65060
172110
49116
53746
122768
3997
177508
72164
91122
14912
190295
33917
186317
133088
112137
141388
145536
168012
54035
185842
136690
158180
151273
118042
25042
55585
55322
150918
173990
154561
114647
109982
130270
29257
134592
23969
4440
2581
31149
40475
87905
118260
131973
166587
121415
51336
71891
27562
196724
8303
137483
2434
90832
91305
193758
109779
119978
119273
137606
81908
138093
159097
198221
2289
2145
77196
63814
24735
49106
15402
64196
7220
157903
60601
45076
174379
57467
88375
42609
131450
113219
111751
38267
64201
60138
135116
13414
116263
18429
141216
76578
4625
178718
23862
132690
168696
119140
144788
53657
120554
192282
22903
72744
117813
143946
63334
34797
63753
74156
122065
180683
120135
135924
138258
48393
62319
168946
34050
69907
181227
138534
75696
22954
113370
10319
129476
191875
54292
120022
164764
138748
186070
184214
15012
172352
19706
140133
42260
25004
130561
105868
130868
79717
177517
88508
33096
108421
122739
162898
30728
103697
121031
109134
141410
107778
41903
64777
89733
8271
141272
77529
129322
152074
59094
197530
168878
14787
99896
156584
146037
138712
85100
80221
184661
84470
101230
85623
125568
83379
75685
73728
161319
92660
149331
23213
52092
41712
118468
76783
38425
121702
197823
44994
124810
35716
99561
155517
165164
149588
4716
113306
115467
7457
156462
199122
51495
193177
140782
88942
110626
135774
191429
190139
32947
100547
162018
49584
71412
162127
117918
181605
107876
94980
84009
100299
63480
69725
115053
103742
51019
12681
112035
165910
10246
69364
107621
119619
188406
195511
84345
165281
72428
695
7501
90793
120131
105766
19783
72623
160685
7454
134175
138206
149147
189744
51981
42782
195954
107236
166430
154039
104794
72300
138489
141571
198145
12501
32353
12400
27678
183669
62701
14797
92445
169532
196738
119659
123552
40228
10424
21156
199087
70687
106191
66969
7650
46028
123122
145702
161289
51740
33445
31788
58456
64245
76333
93068
64793
73270
45300
39740
107511
9714
10137
117955
9099
19434
46272
162420
72898
46800
14779
28166
33955
45288
119214
64521
46873
52062
102048
88965
183263
79936
29025
147174
25219
81896
167773
158507
102947
108136
133609
60122
165436
124925
108246
192853
9602
110218
20282
21992
144096
168456
92359
85068
116529
65673
23370
76595
1806
79371
100506
121228
39730
153398
17215
163861
957
56772
164212
26358
85929
110681
164958
55247
119546
38874
159483
94441
143053
24495
101595
62614
4217
160393
187940
26228
155279
15831
13790
52370
101637
37189
123194
145985
168877
115543
172998
119495
11511
45822
186210
16344
65660
19780
29833
141061
151176
52330
170478
60653
135149
4757
20823
133570
96029
153937
190539
105364
90897
102519
46817
51102
37700
157546
180848
5037
66547
126563
84700
110735
62884
4171
186720
122692
118603
189491
5292
172356
91370
135084
118688
79437
158382
49561
14359
51399
2831
25844
91406
95993
116113
163736
83021
166402
108361
157245
176519
195291
72108
170443
56966
143497
182781
63066
122355
182841
102523
173098
108269
18397
19800
145373
189107
160647
123260
61566
75143
88188
181730
4524
164688
196596
142136
104037
156085
136264
8279
5223
2733
7827
90640
168177
32152
7750
6965
81599
128552
63925
54230
189210
29340
139412
154894
67079
24085
108970
33637
189195
16673
108851
22256
141312
45481
147619
38213
70664
769
138818
83194
180351
85241
30998
1632
188702
77479
107393
104411
114879
22878
1262
38498
185669
126440
17574
102531
128102
1640
73535
27978
140004
170071
92221
140508
186615
143324
197837
50044
18962
112835
56430
85852
171185
174753
183393
98773
150194
189966
64809
54132
120806
128188
95987
113939
73602
106626
45067
101988
141466
175003
143359
90369
55347
128638
189294
103044
132371
168429
186670
138260
100939
124842
160490
12302
134030
89583
107081
86783
160762
102545
90077
199851
9249
111585
181479
79086
100866
78171
38852
178827
81393
164478
124494
82608
61727
8733
125021
12190
155824
130452
147197
35311
97014
166447
171836
34265
81208
191102
159213
117562
51353
30403
10441
25206
178129
99226
37948
74903
17208
140799
146310
197660
19164
59830
79734
65952
67437
41963
149545
186859
104666
128185
78831
148447
10329
189181
22374
82828
24008
80663
92317
141732
35599
198278
42092
29913
192633
169396
18616
174646
37271
107259
42348
183713
154636
65865
145953
43349
130843
14631
56295
79029
37714
33972
16254
163313
57343
126485
120316
91310
128900
199076
72084
197573
37181
92910
187129
17144
92103
24993
111616
111290
49778
29942
58266
104991
160122
96839
133956
103076
9002
89345
126075
51365
100285
124597
91313
92999
69644
146002
139508
55725
56728
62876
40063
61668
64446
56205
53051
174996
18098
161203
29612
176240
45895
132782
166209
31930
108607
169873
4876
143882
199553
124173
52176
63207
160405
86780
46044
47042
92709
26790
138619
163434
144960
151449
193016
98888
77198
68747
41501
50372
105987
101513
28362
180743
43790
52586
153863
44690
182860
103360
40853
12744
115737
169524
145846
144913
63159
75642
164933
173438
196625
135089
47234
144908
190647
150493
91235
6994
11262
47906
102579
45556
109012
101543
27502
188399
76967
63932
198768
48862
30450
94889
50458
64866
53022
86690
128786
71610
37154
145955
7539
21645
153577
147294
185014
167188
57477
107441
63777
131541
74854
142060
20121
86319
379
4887
177687
58874
26156
126599
155198
124349
32853
176447
148091
79985
170007
79225
15282
58502
191608
191003
172963
14166
196260
150047
36521
58470
128910
177104
34324
142687
145712
152514
66931
52725
62363
106840
190512
139854
9541
169350
31252
65789
81895
169950
190426
121812
189831
84241
199961
188681
193749
15173
174340
161777
26327
31368
16544
178365
155536
152915
75731
65202
50026
19715
13136
10193
28841
122871
31864
75445
71541
38970
132158
1184
66999
85275
107709
149044
109334
35763
89520
191557
45906
150995
136565
134991
146699
6209
105843
123497
176260
175775
197303
51888
145717
75836
54520
15566
116825
7315
28789
160419
64495
118774
158644
34560
125814
5664
151766
114805
157804
87347
147190
176911
150408
6120
17794
194153
17442
31530
156915
23591
167982
178829
173171
93938
57606
38384
115170
48012
59487
72025
142879
85236
190302
127112
70279
168108
13018
158418
140172
109522
128709
97891
85328
44944
122253
181698
14907
18915
179965
101969
72535
181927
6395
35851
24835
23888
55020
62284
188637
76815
80897
146708
185962
188913
84519
161390
198954
93889
49918
91681
102984
68565
187560
151545
19302
18223
186535
55378
194919
65858
164538
56699
62649
158221
56110
69480
65027
138843
188790
162791
168681
7954
154579
88502
29392
10253
183171
86417
96776
63298
93357
199023
53511
42118
99801
4146
94972
87179
5412
151331
63428
80951
116022
164981
115716
17936
58519
187163
109742
76924
19225
90765
3604
136450
3753
77210
5867
192433
4195
156984
91536
174293
127604
111115
158227
114081
198161
135008
189979
116601
175958
48695
164468
136694
195631
16957
52935
149490
363
41863
33520
70775
62751
192811
190251
166011
24501
129799
79305
11845
44391
121381
82252
144199
62103
17329
38143
176715
78565
52354
69845
52014
118418
27204
187539
92966
25785
152856
51160
165381
109658
30905
67125
57433
32821
54115
83001
73069
183282
24406
150489
124892
103190
89848
185158
186961
71046
120346
20147
129769
51510
133690
179730
196509
32076
73082
89969
193859
125760
56042
99571
31661
35442
52931
159685
134920
132852
124958
95542
144811
176502
5025
1696
124321
15998
159119
63315
141532
77421
129218
119775
2973
13982
113141
196688
12583
79165
12151
32544
83690
58320
128024
69848
146341
9503
114440
183882
6166
157277
142344
129184
15576
47727
75887
35517
165862
165060
106874
93372
173738
100304
73905
103654
126694
64361
1575
190996
67185
169902
188977
189900
116764
147424
146712
179085
40932
157233
134901
994
36342
47086
129642
26907
121336
184943
127098
191700
28383
147204
192293
86328
11026
109061
82207
15740
70486
187418
169645
160339
136295
90744
54323
199951
172596
23467
72633
60677
86840
55618
104750
19764
70829
132752
114330
678
109304
69973
139772
48274
129878
142945
68234
111463
11095
15498
134160
150733
151947
30035
138055
166377
189463
177548
156237
187946
89125
141064
178589
101881
70648
175185
35553
13759
135164
44827
133405
131452
187606
31875
136486
147117
32490
199623
167457
134928
33509
64741
164569
124965
191992
123848
116044
181807
62892
166415
143779
157347
140886
174706
150100
185429
67882
45539
114626
157470
12705
103123
116281
141295
80558
84265
23688
59553
82785
165867
94561
23318
149250
130774
90353
22350
41660
141954
172879
78966
46029
5549
103115
109103
143456
190272
162273
119618
186143
43143
151938
18480
121745
58684
84321
159168
168550
65950
144215
155475
11106
71478
77590
178820
114998
72309
119349
86882
118818
162967
52549
84684
17436
139321
134504
13882
180587
162465
112934
110478
80100
81833
76032
76144
110376
143904
196387
173187
83582
13592
99901
54411
8738
109732
123297
36299
80865
13072
51313
54051
182085
177908
22820
182498
171358
166669
67607
110101
188730
61813
134457
71621
83927
122571
168774
60498
169504
160572
169667
153176
21918
198064
24212
362
97311
122281
135429
153417
56512
161567
67641
45036
181302
87401
86790
47482
184879
186118
33727
41776
150404
43566
174117
141250
150731
60550
198022
191846
123264
141341
132598
119606
7375
119334
21574
56692
192242
107085
141168
126986
154689
157771
101338
23533
149256
1059
52665
11298
157518
15547
70711
134130
128452
2676
160750
147157
186382
651
122880
6366
38808
46620
149233
26540
40250
89604
169869
3012
31986
150861
129661
132648
47024
118540
180013
159696
12824
144882
75666
105575
77385
119652
165452
132021
44949
68647
177757
145297
135202
167214
184572
56230
113596
107685
552
191188
49177
194034
10612
148433
185003
97600
178966
84179
126512
130389
181439
36472
50299
32709
111947
15021
64429
34808
12724
1827
131246
88517
145528
166725
28438
107732
127039
189620
182977
24137
95610
167642
173363
1798
11123
159276
141650
37469
40429
128958
148882
141473
32491
138655
166046
126817
118142
149518
129386
59012
147822
159659
136538
131847
68812
121370
119437
5104
168629
148267
191761
39626
180874
167606
16027
176270
42936
126434
112278
148237
158076
62486
65128
63036
162657
187178
128533
87472
181056
77248
66618
163544
3712
3543
65563
80061
174928
87102
15664
97535
83755
112297
40714
168526
89923
29928
133823
144101
114410
22122
43254
7191
111830
97086
41471
92278
98654
119730
10168
7283
122954
66115
189318
157324
49499
157525
57235
132818
74242
33672
35075
89208
94352
183605
107602
10454
30575
119735
139368
176901
27524
74456
73805
152939
191257
52053
20538
152875
52856
136987
181005
107327
136359
77559
164960
135260
89334
182032
165837
32648
97980
103986
52270
6976
181636
11347
77379
101542
87355
137422
98269
160374
45516
64960
144481
85435
20021
156443
124010
48493
118445
132798
120896
70758
98489
70955
128466
65869
45641
101546
172756
193508
178367
37406
9124
110309
152131
127345
84183
171769
60852
81378
85950
169597
132444
9673
49644
63005
36120
123049
120696
146900
110934
87558
134420
132346
93305
68211
45176
66006
162452
184791
50857
190935
126616
165178
27850
110903
76688
10093
10718
47970
30823
101438
109689
79683
148682
28391
95889
33631
67227
29386
107484
6045
102203
107809
171200
161718
148697
127902
190759
177572
186220
195928
21419
126891
136840
162705
15156
147631
178262
50572
97247
56969
159986
124326
146644
187425
79143
74299
97940
55354
130631
132220
3942
86811
194556
12548
178644
103377
33497
87666
87952
68504
170234
163315
171918
171567
84524
104298
115300
171003
88807
192352
11793
71405
108619
71003
114715
178299
198173
8269
196379
120145
113354
126979
56270
60475
66629
59567
197039
157135
45653
5769
104594
100174
24642
69439
112312
153478
198045
90377
154414
2639
36722
75124
88740
35477
117888
126822
188158
15887
103433
105167
41444
23266
194236
115643
158210
44499
192125
155615
164261
84409
74422
42033
30739
97346
11718
80687
81076
135709
142953
65919
90738
150069
180724
17269
154484
97240
79163
6751
172441
96819
183558
39809
112744
157570
34223
165188
44182
64737
94265
170695
126250
42762
82891
84874
128279
29030
145244
86152
57268
115357
97719
146625
173346
106244
27659
59572
161655
100242
179098
94251
155231
169754
53983
17429
117131
104285
159758
58824
87693
85855
72618
58761
118985
56814
33000
97829
127075
183783
66840
197175
94484
2606
29173
178328
58031
9457
185959
130951
138404
84960
126234
150030
104833
55905
65426
110692
125430
110317
59458
110971
64289
98046
169142
197895
119873
125024
46191
43961
25008
157337
93499
176512
70074
66235
54964
95720
81773
135012
100632
104837
60189
146449
101511
64130
51671
103924
127891
38006
61622
101583
66201
9223
63687
106728
76394
139537
138755
195608
161592
28995
186994
63962
117592
149647
34965
159811
41430
135904
36448
115078
188778
70461
63945
124480
187565
100851
101040
93600
26255
98758
173616
64679
4327
60744
48983
53708
166623
14837
18965
61524
152797
181114
72572
82625
38847
150392
65636
56336
29710
9255
53084
193968
2802
170097
153378
182369
130253
52195
21699
55251
178950
79170
12108
179917
26992
40026
133138
67552
178818
12482
78419
84891
32915
104559
131493
133809
85571
112630
90234
137280
131411
22232
101457
143867
42031
104251
13124
99626
65498
107563
182717
119679
90046
94080
6028
193860
10218
22973
144726
149321
72145
179951
21347
52460
9578
163953
187647
124536
165893
27710
176405
120206
121890
70476
142269
173801
93379
160190
70743
109915
132037
61117
58628
81546
149081
90923
128515
47704
148135
92814
1484
21569
53735
147609
8451
48499
85099
110982
170272
159569
197843
52154
23146
79232
155821
166854
139951
83249
82768
35706
18610
17146
74895
57229
67822
74338
24953
134365
107165
19698
17058
58215
107475
44975
97012
170113
133698
199665
117361
57231
32748
143569
55065
65677
160083
95253
86911
85511
175852
54208
96223
138157
135531
36729
113308
153403
145530
38290
31615
63412
91092
159039
3969
144166
1995
49110
37039
175167
54113
81302
10409
156195
66976
113431
135768
134880
77417
69944
118413
89191
25496
62408
35485
40896
26454
158017
39474
132437
118730
183280
87541
145613
165047
58775
26743
9916
40594
136445
48929
79949
73347
185877
83640
39413
165300
27541
179543
141377
112877
69451
68783
176489
98249
175727
195787
175207
187645
71832
153351
182766
41275
80450
190118
100980
108722
31629
193477
50030
82391
101707
163927
6324
53498
127716
86784
41619
105658
168715
158863
96966
35907
24521
185782
6215
159507
177511
69640
57247
23422
70582
1495
127658
16613
36652
145394
143691
183921
147873
5229
194110
168995
182578
157553
89852
5858
157159
75710
199990
149788
11993
137928
165887
17116
91440
15549
28595
137643
29759
170727
65576
76767
48521
4049
16137
79027
38130
46425
90392
26158
150001
37996
163155
195548
159842
82118
136183
124530
47460
27052
63712
110040
127586
74598
149853
197362
86399
68708
82497
177717
195076
186682
81360
122460
37725
117028
67171
81418
66753
181957
75509
26518
117366
68940
150715
2015
77252
161634
153941
115796
85919
42579
102280
107575
173057
71786
78187
97236
167026
196276
99252
93671
97314
143676
173877
70678
79910
73513
7980
53315
64377
135549
110707
47307
3922
198869
4872
84090
104357
108306
88388
11162
189063
20672
70765
115801
27940
27899
57076
197930
158131
83854
92113
29874
32494
117448
115851
160110
156052
31043
159538
149729
188514
107534
132763
74134
7277
100033
82635
153974
113365
24209
165904
151334
122213
167715
147728
103351
130692
16884
75633
186871
77489
78606
164221
75157
2803
83331
196489
107128
63119
71466
22663
63317
116649
89418
112691
21043
73108
100641
118552
155417
115387
93349
93456
109980
148419
141364
19018
148683
16003
105129
33907
56094
38885
176006
24426
98870
50502
8351
187891
35638
67583
178392
17561
1639
139831
43627
18283
174934
177989
20605
13221
107790
113452
164115
181552
134366
59447
197624
12283
162153
105044
1793
186643
107937
120885
8126
69592
52257
146471
88766
52233
146155
93526
22983
111008
27388
111108
89841
197347
144687
65609
160259
169777
133966
14953
28846
112445
86601
80364
193118
12293
174123
151108
189272
100452
92750
19754
180736
3533
144582
189037
102045
130902
19822
82558
19981
180758
20379
8370
91984
174876
43360
116131
185957
45572
139240
129445
122657
86680
68045
31280
85022
126927
134839
87894
193701
179739
172006
31373
139095
124714
9691
30007
75759
111075
63487
14051
73918
9681
99113
132300
179574
128493
134854
156340
185268
99118
165854
85238
922
36442
139416
25076
182903
67902
168937
173054
2378
114761
401
198536
1858
62257
178767
21966
96957
23944
95063
181116
14343
112456
168959
68330
86480
20095
58605
17433
43458
3234
53309
8318
93000
39557
128359
49743
93195
135965
82972
6573
67385
129529
21689
53747
14957
164773
132398
144463
69207
159315
74530
93785
54012
183974
137879
76691
174951
133099
148780
196008
166159
198298
38088
89311
88437
43722
160448
37897
146409
190987
96010
13763
76746
146426
4103
57811
70089
18884
183288
68101
90650
109388
37603
88491
177743
114770
103045
132591
92100
44018
120917
121304
130720
113537
16835
75284
125110
95500
8190
154065
6629
156963
41073
135675
119150
44879
59250
115122
68671
90683
23051
192194
33646
30556
73550
129700
176118
199669
131349
184762
195041
83128
15548
140684
82784
108948
76517
124983
138313
119743
195710
106693
134528
49938
33733
3866
116538
12884
45746
69416
141653
88247
21696
72312
125578
98191
53145
14656
125821
50034
60728
100255
22267
163197
164459
128396
43228
74650
125448
185062
101388
17275
188015
193286
163723
52249
80187
165828
153550
118310
112101
163754
124038
21690
36795
175981
42778
92500
164090
4793
166790
181611
138821
141086
22173
33194
100156
121007
115620
140417
8081
117976
110636
66624
199154
59039
106889
79519
12794
107740
44784
169561
147765
43064
8643
177418
69517
199344
6009
59832
172634
107908
92752
52432
193994
128486
187811
157789
44355
132786
19468
9670
156028
149357
68217
160536
163547
96982
144820
172090
114787
160657
36167
186988
103295
132806
74720
6499
149192
160533
98063
16962
166227
150400
86608
106681
174478
12499
83109
21565
193807
64804
101473
132420
167055
136885
93574
6957
48634
75052
98824
30478
29453
162558
115089
135575
174899
39321
42799
178043
80307
174987
37445
6149
68385
1316
192720
185094
6470
52209
193026
136932
138278
87678
138432
88452
193460
189616
35264
79716
139123
196552
145105
171069
8867
162643
168114
57792
19739
97001
123019
191657
13581
102299
182729
2246
122513
88050
37400
148631
4698
185500
96882
181017
75195
106910
132050
155300
187139
59531
29207
186146
111590
102160
86061
44721
173395
93936
71113
13143
116409
118680
2829
36364
29165
143955
32389
8077
194058
190918
185171
6961
117751
191328
139221
151079
161411
100823
50827
24355
55401
78733
27792
124048
78674
52592
109130
124824
117999
154045
133765
124098
196637
152887
128696
41546
17454
22653
45995
58396
139298
40788
4214
22785
182736
166742
123509
62574
20052
78306
67451
156883
58365
150583
76243
16399
97590
99274
102620
94844
148184
189719
110657
25699
21161
108187
71730
59888
51858
4664
113803
32841
17802
38128
91722
153841
97459
586
186768
45627
13305
180883
26430
14726
138013
38449
113926
199165
117125
107748
193870
76644
56194
193643
140
54121
143444
60828
130058
11280
110154
6877
186966
153963
111935
48827
67181
82077
19066
34939
30057
41002
19979
87562
98291
103645
111993
111671
116258
162235
157372
56074
83195
141793
170867
199481
139231
40276
172416
127739
98376
83223
58992
144483
19806
73638
138710
19427
24138
103232
52936
104986
3824
15314
62788
183117
198363
11851
42732
61375
116864
43442
7307
63856
166270
142057
27584
135970
195433
123295
77388
42976
180818
71663
47592
48044
9740
114380
120895
178630
86974
42975
15857
29212
34832
63774
78687
192583
27466
3478
51553
115824
127738
41202
13992
142125
38952
26043
71515
94017
19490
131333
131129
163714
74534
125738
77896
189988
162189
171351
39056
58621
186304
91426
164777
100581
110899
106962
103260
190496
37945
186527
179929
139475
166095
155152
197839
34198
52710
76971
199391
85217
146377
62493
80992
82723
126731
58745
163999
10371
87654
106869
80358
172811
97121
76597
138067
162656
53348
177522
83696
103860
191359
129856
67808
112659
91615
21349
77255
21405
113679
117873
16896
35556
173353
40663
101217
57121
169992
117476
187897
190323
158109
169195
62264
68537
55121
148338
83044
125705
98366
157446
150247
39219
137842
102837
189343
39465
77694
48028
75391
63992
63896
94226
41196
97262
5160
96577
184391
25165
119502
38116
31094
45370
112321
156460
159457
142490
167664
129536
31713
179465
168726
173685
66034
92859
1780
185122
153019
136035
196239
55729
63800
152378
113654
51919
113881
89359
170333
76977
127243
110412
150813
116731
190973
10074
178041
107235
15639
142450
181408
87278
34815
68772
89542
128051
138554
34646
103969
78359
64614
114058
16424
17595
76031
86036
17384
115532
161308
10308
46897
704
198406
169232
81666
174452
36600
109128
168200
180083
175398
12654
36218
48231
107491
62840
156870
99298
17510
65474
144945
113303
68648
42283
55939
49174
161266
127904
198113
137533
135316
93253
153382
191782
154146
59267
124773
81033
75895
179516
37905
161475
169413
143131
53307
155735
106256
128760
74931
4058
105241
143379
99384
22222
106126
188695
36739
80037
120382
30012
129031
7923
10988
99610
160695
183931
198249
111775
90112
147600
159342
152864
157568
14472
123958
172121
32703
455
179966
121475
116988
102569
196217
103364
178714
140211
38421
187694
143176
171230
123551
149874
6073
126398
189821
89195
169407
65550
158021
182163
124338
38029
24219
154618
173374
21970
199945
138931
167802
179304
177727
19540
20588
184298
594
167952
51852
111328
187300
109393
72037
110559
43375
69393
129887
127298
35323
199043
44009
74846
151542
20462
22490
189779
23369
175258
71628
173537
57479
17786
19768
50971
82715
159913
188353
25230
1005
160880
167325
2265
71203
48849
32469
104035
136868
101284
27179
68745
54409
169270
54685
130484
181645
174911
19439
72172
188432
20889
9851
170408
195936
155610
149563
125770
76816
80737
147246
105769
97389
176315
196273
143463
36905
82629
170898
10774
64109
40529
151382
108452
172670
40351
139386
32967
135638
64738
128776
11114
130866
160999
165471
54233
163826
55107
103073
167505
98452
101730
88588
88355
100633
39785
91035
169492
22438
107898
109348
197743
18519
122362
179014
24094
133787
6414
137428
63684
196168
149653
8443
44588
148115
116278
156150
195448
163035
120262
96295
69060
108555
55851
179575
153866
40085
17587
190370
189322
19798
27578
76396
184115
11947
51754
73558
162129
157338
112970
197448
67341
29339
83123
20303
47858
53228
28363
126783
43502
72151
26625
18699
163550
18116
15735
31719
184812
3683
37156
103842
68360
169729
29004
51603
198985
159311
189458
66285
111592
7728
171255
118952
108407
118786
87136
114806
192824
131851
11781
99747
116718
190425
155419
118612
134239
58882
56030
42238
143820
195818
32518
55697
115694
161168
14300
134577
125848
136774
137163
90322
40173
144036
14576
66183
89151
36867
53073
197894
178196
124062
69173
13419
102760
157889
68602
95077
154011
149936
160509
140852
180620
10187
160101
48543
48513
171049
149951
100931
28900
12657
122273
128594
157088
137613
33699
81314
151093
24726
189682
50349
58184
146980
188454
126517
150860
79423
115416
62622
98697
42296
150114
147913
47988
196450
4880
190711
9122
135155
82440
153702
72437
176664
184797
175330
175467
113006
88395
187214
182023
107285
93959
11937
134015
78375
106128
84517
171659
59393
1768
179502
144611
86930
125362
35367
116038
67184
28107
25547
43668
168760
19854
18719
190236
159950
143888
81133
14055
61793
144764
141924
20848
4162
146361
170232
79194
74335
76339
29598
162178
89925
81873
101503
78137
160182
28093
59305
116845
41586
76972
179613
51256
180270
15875
104608
147687
73820
125037
40230
171702
166920
73511
3258
4903
80806
11408
55317
145935
136559
100762
184835
182172
132076
140192
195457
46834
123856
99808
24654
106526
104127
101013
127428
156467
183041
163823
174209
192820
2930
120735
92027
44900
36726
124393
118175
137884
33213
26709
172262
155054
76501
156089
43398
54810
142403
169909
63735
85180
159346
76066
74007
157806
18802
189490
35686
73178
130599
17881
93821
158971
172740
113864
187064
135856
58087
105384
156383
107715
103063
46602
86428
55092
108554
143228
56509
91620
88069
144284
72440
27939
56064
28445
39425
58889
123277
103849
139773
95835
70780
169316
45328
6619
32183
125499
123084
149912
172168
121264
165613
8584
29089
15880
157768
64155
132236
185553
95097
54804
108401
50699
2062
192834
106435
26544
41868
177562
83915
83953
132038
179887
13827
129325
24776
194396
41756
30774
80748
89246
37966
161166
47319
3225
6678
59970
23882
123029
22052
132087
180131
111181
100807
108901
2839
117608
95306
110655
37420
80560
50643
25876
101025
180172
100782
114358
120707
140079
170489
35078
188009
67388
47441
172825
141951
71270
112106
2730
48930
63035
122157
46350
51750
13649
142224
139382
20945
189141
27407
129311
167282
18049
6314
29100
3204
81180
35359
8835
41819
35623
154635
35223
177221
5667
123171
52285
75418
102163
74342
157176
16707
125048
176311
65859
14203
158283
10393
181474
169519
79243
40203
180275
141683
156134
115787
97765
137721
118188
69922
16488
166763
186204
104332
95667
124281
136971
6525
105738
59168
169191
47890
126017
31257
184769
111356
152090
77237
190883
136127
105143
87723
38038
169306
134000
57543
178507
189112
28323
9351
96927
45466
151303
140134
10585
175962
121316
183987
138965
40376
177019
149085
27097
179853
177959
50344
65578
92887
86991
161794
76467
81815
69403
9110
90703
100666
191946
43379
136997
108284
86193
75915
78315
22553
9679
181769
13084
153201
36831
80933
20546
112249
21428
123136
26480
124765
64674
2171
42514
196717
80381
74636
89365
160752
57036
224
133040
88327
113150
25325
65104
130987
149492
143038
6612
191219
62118
173391
108429
65051
108754
185264
170189
122020
173622
12985
75636
131145
198206
196523
40280
123601
80959
47443
185564
134101
4287
63443
177443
95505
196663
153960
154342
123974
65524
194459
64927
100914
109204
196261
129469
58777
177163
102846
53866
107624
3299
137970
155886
44420
164858
66262
195498
114157
24680
120264
122645
144638
142719
71985
165551
71941
105592
120083
5068
143825
18404
76481
55049
147686
143142
187296
190818
79334
123024
15683
162415
825
49609
121062
166682
83882
95197
68615
128376
83983
103757
90856
168455
188836
121495
103478
195635
18101
98217
119941
44752
50929
128211
142205
175189
59992
110449
45306
140823
101970
192574
44678
183173
124470
54309
144565
37889
182395
19663
156706
5437
71196
76588
31087
1635
138605
139375
146952
154223
71465
32463
118402
18335
50815
71225
1895
125250
19147
49588
123670
171341
11738
13373
99530
126585
31976
147522
32979
128619
146202
191463
84361
90068
187541
41537
71843
145906
13980
155368
52771
115271
187069
57014
141502
132671
198512
165292
153804
164222
50596
181456
94871
128801
149285
6685
57562
129273
90439
34473
80914
105887
55581
37126
23723
5275
52896
123398
174254
127576
78670
179246
32338
178914
197662
120464
136871
8137
140402
174827
147795
163611
83132
137454
56388
599
26926
9856
134339
143808
180742
26600
153847
157425
23785
14861
53251
46924
139723
106432
43065
70584
60156
28720
67906
82737
96747
139688
148453
117418
172524
77363
127719
16371
102991
158911
3137
125497
84029
135907
86910
128914
175703
136014
115381
128453
1490
197686
134320
152655
136378
54294
118426
183918
20016
56304
116178
60117
10902
34117
40472
112827
25321
64882
34446
159736
179449
183487
103648
192400
56487
50771
45409
170118
55327
180730
18058
7456
71419
16217
191164
65167
68926
15804
138486
160543
82574
72310
148520
99881
40596
145775
116341
135159
94264
129742
173267
171476
110593
106357
169838
87770
27510
57388
31082
67925
92032
199137
199597
197653
127922
40987
174702
153873
128580
104399
42401
142807
187016
69541
30729
8828
175099
6371
129158
197277
83867
1295
94228
90465
123663
68406
196545
141138
5075
172908
131201
20395
137359
60330
142854
103463
128872
95366
99419
33503
145110
121576
97130
38963
172052
108767
146850
86121
55664
59332
6550
102120
93689
159455
79413
80642
195898
152672
197003
192601
123030
196681
1593
139397
137054
21454
139875
55940
97549
120415
170031
9192
165075
36240
156159
96212
137615
138315
178194
149650
197914
117166
85964
115468
161729
41226
122512
11865
119210
64987
146096
126973
70382
36083
90337
164547
165980
163818
149232
42593
8684
98739
150245
63556
30418
145699
94778
175329
13285
2902
107934
82181
134974
68759
128367
78222
40111
65035
61543
57846
24169
12731
96495
135239
66823
26977
46032
125272
188029
102740
159347
6828
179040
16058
136750
111149
21855
55666
8338
66782
91937
199151
7293
21612
198180
30520
71107
168334
85889
136687
177437
15059
48166
73993
52940
53305
36204
25558
19210
71049
86252
54501
181210
42245
92356
60493
44810
57086
188329
165726
152272
118851
65910
93739
106437
104516
33294
69027
30349
98785
104459
148231
10325
40936
193881
136232
23887
42449
11582
106966
11255
126170
115928
117773
175569
40504
7346
16094
192148
60195
24849
82427
88775
119733
174162
183615
173648
170652
111817
120898
73982
164234
86478
8918
21990
110142
79560
15569
79557
188387
128298
13573
130471
125134
76208
183395
184717
151960
171140
17117
96474
177758
53276
82895
103326
5383
119417
79472
181546
22199
101034
177434
182153
23804
68291
191864
122424
33835
73826
186497
12253
35410
162526
119467
110784
170165
62006
100382
25124
60707
146723
41678
175845
154084
85479
178471
152917
28622
154033
112625
1648
75416
31390
83482
193203
181915
92389
20175
59045
8672
47866
126629
17271
146794
104596
17340
1158
14530
176755
10014
123973
98830
85456
112040
146342
33561
164304
170053
129146
130778
150258
170470
197881
148645
106602
27205
171709
67839
197397
141921
22728
35193
65683
86649
31894
31513
112839
114541
52380
32130
104622
11698
26639
86020
127566
77115
124008
91469
85789
156582
126499
177634
115827
3502
162252
27399
161119
106207
182280
85674
123358
172112
198225
8099
177578
29636
81731
117831
79556
839
171515
35544
59100
39848
138266
82478
11090
189183
20726
124051
11705
13561
12612
150201
158880
157577
165714
52507
190782
115712
174686
32905
130801
112510
114073
3455
195911
152093
190049
108233
153080
119727
34453
145948
157096
80281
177890
45897
62635
142894
163907
197618
20005
83639
32192
199563
120589
142815
156983
141914
73841
58424
32442
109768
114317
106227
159298
155263
97875
194833
3651
147196
153272
19557
26214
152195
107617
99869
163376
180247
66307
40155
154083
168183
91637
47070
101481
37709
195429
199001
58004
146629
100229
128152
19873
123356
189546
194408
123033
105798
152587
50101
133230
190063
157246
162230
49366
58742
113010
129360
65405
55494
59897
122812
58277
5754
111955
150721
71015
35007
1395
101874
117328
99086
186505
18345
32049
77570
40784
162945
16136
97989
46858
34877
103262
108502
10302
105448
34308
3432
94810
123004
13357
3491
66727
132505
38895
92471
94741
117274
136026
115849
148341
11997
178678
103910
137353
53232
138383
178756
121850
189005
48489
146555
119201
39768
171609
161199
127561
6946
29442
41607
177349
11717
99185
54886
107326
188415
181691
106842
124148
54458
24214
122659
18150
22235
116918
181793
68542
125917
4282
54252
109615
161927
4161
5973
62374
26165
189845
64059
104982
56023
102956
101451
58940
75058
35111
90512
144642
57907
180010
65058
97117
144713
196073
114750
60896
96787
85419
3329
69371
79079
25405
95619
136247
106306
1675
154605
118776
196618
20785
176440
21787
133154
129115
123586
30953
153364
199539
125064
126069
19332
12656
97095
190727
15586
12244
158267
123893
189443
126827
129534
191997
150394
136422
135090
19330
53623
153251
115254
95501
19634
46241
25644
175011
30865
20482
192166
84861
162035
157212
119579
196113
24090
186524
154494
71801
3496
66214
197027
21831
13279
74255
61269
175337
139337
174584
162444
196140
100938
166733
46563
52012
23531
110413
64629
21045
139458
44232
106036
10401
118627
182202
66986
126734
151451
81510
72218
156053
11299
190945
31526
44456
19401
83006
19802
153330
13148
147110
120244
98805
31278
69912
114281
19697
187779
105804
60056
58378
19713
136766
6300
74254
34048
152654
108971
102819
135948
119155
197588
98564
156510
15611
6745
50774
41946
32957
178304
121200
47565
183794
6445
112945
89321
147758
94307
195592
153085
190281
56043
123027
146201
70478
137553
184559
164676
20688
151198
83323
33927
68695
9305
62539
125089
63143
107304
43963
3209
21505
172635
78613
74945
89224
169088
28117
105112
61739
123887
192300
9443
125838
78105
74353
4563
91497
157991
25933
6152
17863
119294
48785
180121
185762
56839
85153
93977
152368
133077
188909
61121
27844
12100
141767
77405
171425
104698
18356
98637
142177
11318
61825
28942
196764
112688
79710
12113
44440
81411
73770
99272
23111
154729
31879
71381
90580
89273
17320
49510
135275
80799
56880
124183
88244
80050
132178
142905
40354
190967
152076
155110
139570
137318
1031
169528
186084
92423
151893
72689
42853
75394
197901
100548
53836
34493
31512
54620
119952
6232
130435
128887
157161
26037
86978
79711
134456
109507
140600
186273
165204
145599
103182
14531
194779
147810
194827
173228
17682
191672
12065
182242
169573
190185
116920
126825
156862
150915
40666
99716
111893
31221
86813
52190
118735
109774
18682
157676
34987
138192
93642
55756
47036
190533
12848
196361
159959
132209
199342
157431
95902
156092
153127
16867
81386
41303
89141
178892
196989
77780
50441
124607
153517
11831
41784
68571
33650
66674
176042
71376
180660
58057
152423
120875
45087
84704
82842
136547
36685
15489
118611
40857
163522
54724
126621
176164
176179
133121
90526
123566
73845
98134
178972
1256
193420
134635
21968
62533
116333
139501
45005
131308
40909
141593
88212
165455
130373
58025
65809
143916
118243
46259
125993
147999
142462
13244
90173
122069
51459
106399
105892
41152
77607
141535
41079
6737
4979
30965
48145
2928
11803
177809
107317
20655
124007
125343
49563
187193
187699
120796
25694
27457
40838
60525
105958
53222
181041
67544
28958
32133
37640
153665
134859
31171
98962
172340
149287
75628
27797
97176
108847
130993
107313
167891
78218
4252
71441
77149
91412
91299
79941
85528
52527
124406
47950
175346
43468
117157
81097
162895
53734
20263
176213
149547
69988
130165
35369
148535
53831
123234
44639
133474
49360
169076
2942
2152
64972
99888
32480
194087
159464
67823
105709
165227
151536
46343
106659
90351
107769
107158
21541
45947
178863
43269
116912
57179
118683
141326
51118
49574
38352
23279
111629
133244
134260
161305
54250
64703
22567
165595
94135
174301
153467
12358
98450
72938
134742
185902
97815
143227
173045
179985
36017
75219
167858
191444
171951
53907
88854
63694
47889
104763
11632
151879
88205
134732
151723
40552
186032
137211
191300
37747
188653
80931
81212
127748
19673
983
184684
50217
115442
128017
16850
131934
50625
121703
143178
96899
8554
158851
39252
117066
186366
130876
46
160815
177143
3421
96606
43869
15647
89507
127215
171495
115289
47080
129631
94106
198640
160926
74157
72346
185400
100513
39948
191302
165458
189284
60815
110123
174402
33072
29053
164557
2432
89134
133038
147194
84766
3803
62664
102841
60832
148838
105363
175143
106778
167535
167163
34274
162329
96578
109849
9259
173786
199355
104549
194398
25080
195065
87658
2691
35478
142802
1763
29903
157504
55034
74686
166937
138241
123045
142365
184576
151377
149421
184984
154993
198603
7022
150601
173768
185805
34574
44626
180066
61556
172058
36296
181994
46176
3722
129202
62360
114723
166186
160649
24706
57903
68311
84655
128859
141262
77129
170774
183368
51918
75627
115511
5145
160408
125947
88314
16143
123945
25949
45520
177370
185024
1393
108532
88322
144733
16521
26510
33412
58755
156535
182431
4411
8132
51992
3777
129314
45225
94914
79984
34613
21257
2738
137490
66383
128481
137238
60519
96610
89344
57950
32040
145012
152148
138437
165135
55947
90686
88602
115628
186170
109739
70788
152036
96150
81960
38664
143851
161864
172231
27480
140662
72132
26739
118297
176064
64535
35762
74200
151659
180394
153024
49517
155975
62571
100011
128779
85357
84313
126815
70635
1144
135742
38812
115020
172727
158144
70738
109338
36526
83986
127273
5880
167091
144294
190205
197832
27495
168644
16032
785
87845
30486
28338
152174
165724
28668
113038
199736
37033
137907
113023
120353
130738
86859
94144
161782
29241
167348
199238
87721
128173
14467
160947
198996
80883
10729
65210
180374
144641
144526
24721
25166
95337
166082
114195
155802
171776
170334
142349
176139
19813
31598
154448
167565
199994
62410
97450
9342
174078
136681
184867
109851
31495
50255
195459
177331
39106
177390
1175
61732
59513
23137
41952
165870
107162
35679
114013
134372
88584
15231
98362
35351
147840
109228
74017
72603
123797
65552
129175
34208
77144
8395
21305
172717
44665
120640
40969
27213
91516
87086
31633
120250
7897
7382
125460
79403
58644
195114
8031
69672
91600
179691
92968
152550
83275
126994
59357
133485
160383
180290
144958
51188
59508
34399
152468
70253
41582
152479
20955
143325
132017
140759
64313
25582
144273
19443
129491
132699
91009
38325
86632
131628
108137
138590
185377
105456
106417
141241
132267
49654
40249
58581
52643
159628
7655
193165
130964
31603
55753
120128
134356
8639
53763
123802
103353
142218
100010
25226
21429
131243
84103
23756
174322
129432
14218
4444
43622
64615
154321
183080
18914
46346
79511
130557
116958
7078
28468
148111
160299
8566
147332
102397
81745
181138
23770
75955
147734
161097
171621
80443
23015
15179
163402
139921
33062
43142
188986
145607
97618
10860
191907
141828
43715
23221
132016
123720
15152
32514
138058
101900
141050
93037
25417
123065
55332
75190
192447
42533
37161
183769
143480
88643
149746
104861
68755
106807
17111
154549
42775
37643
10854
174553
64174
40388
11391
142732
57588
106553
50867
57729
30154
22537
37011
26537
109653
122073
64856
97574
194640
168963
188583
88104
21203
45621
37310
15874
140664
68586
34917
44520
119670
137006
132792
121943
122123
56980
89258
23516
106019
154990
111409
54461
47197
39836
48162
144789
5946
48261
198163
87969
6880
7295
164896
87023
192309
124750
13987
154265
153344
119980
13463
75713
144759
169422
189818
174362
189408
98114
15146
135555
38179
102642
137739
193279
88903
59819
92589
71961
93416
190972
185866
108946
136742
93066
42028
69298
30211
70135
21159
5884
98928
86746
155684
60375
31574
40672
95380
141317
154539
175641
53845
194961
21649
11156
144376
184050
142590
148878
23954
76329
44742
138277
97150
51532
167987
141088
79971
87362
140491
71233
121181
142068
176365
70467
76367
33682
141409
14760
136720
89097
160643
38946
178057
88599
185196
91566
80822
31666
187731
82325
187037
55210
75880
58014
56804
177494
5758
51106
145853
27808
34486
65145
60710
15016
56516
164280
13556
144007
195621
198234
64037
157744
19155
47505
34248
108380
97803
181630
116191
70628
156722
14240
81385
199091
132709
183071
189276
78104
39666
45348
40493
51113
25961
38050
129716
199956
114933
64326
57555
167826
59755
100970
60564
109160
63343
25797
154236
107497
131080
156846
196284
68743
51525
163072
48429
57056
187362
68424
198803
188226
39007
19920
191366
65915
78473
145324
71217
14069
18865
165646
134012
149424
61635
89283
27330
58176
7167
161998
146520
12169
148814
97453
63101
81424
130158
37553
133921
72463
22285
150158
168069
94262
92798
198168
162312
186608
132416
124870
92722
24297
192514
109463
101084
30149
53331
7105
195
125529
182892
75572
79471
40875
61677
156695
18544
66998
42102
80342
96877
20477
113789
188276
25257
137554
128797
183168
100608
172197
195606
169360
83949
79499
105103
154560
198776
43673
107157
132497
98475
88499
179322
19542
25198
154272
191828
198450
181585
165507
3303
180967
175013
155282
140934
33489
69285
197158
121091
165859
143312
134437
36237
154965
112543
131589
38362
59402
171940
105200
49223
141300
37168
84594
44950
165412
186665
45743
194921
92899
96553
160503
51991
184126
173105
9530
68206
70789
169207
116273
196854
181544
78702
94955
46894
164687
61190
86408
48884
132516
55451
61932
190565
99625
56519
83300
13862
165138
30675
34212
28567
151312
29724
68454
193747
96865
132971
154509
12622
51842
109423
112019
187194
51775
73210
83892
163285
18153
188798
51116
17175
83023
101811
96964
71956
15814
12287
171019
21641
80733
199693
83748
95426
46049
85136
84603
46852
22417
125240
55641
191806
188114
86367
190056
196446
120019
23131
164989
100587
84816
79513
197841
84503
187979
19903
156655
74630
198674
168983
192224
105555
82403
17764
140447
151568
164881
6463
40539
8049
178431
198093
150361
168739
76774
15910
40735
119810
123658
9632
93656
141103
15348
42407
157191
133755
37046
114889
111562
67758
88230
142849
32926
148071
114895
121574
182479
115596
20402
23811
79577
169609
134188
135142
140873
86299
93323
39925
74010
96728
163610
111902
156100
163071
192998
54941
136793
68919
126591
113235
20723
196776
90961
198013
85159
11292
155317
66378
65021
51487
110871
42044
98599
22687
110606
182297
24587
130367
100971
137816
115060
110122
148271
26262
12642
146918
50840
32334
33791
174669
82384
121145
109252
94400
151834
56299
65052
118571
125484
43464
116916
72964
76905
24067
87751
150671
93748
197877
29388
145452
166076
190809
165684
109863
102239
146503
159073
124354
163760
2760
137272
8523
120693
96632
65518
84732
49846
168552
33823
65020
62155
82160
180623
46438
66626
155472
87525
67254
148712
109199
180774
152120
132985
104330
78256
50761
162575
53287
58741
190573
134314
46887
130139
160131
183735
121549
65640
130917
198235
28016
167544
143868
6598
155394
56083
112390
100338
78696
45777
194184
105688
47552
484
122430
140981
61006
21293
85510
138084
136173
133812
184929
66486
6820
175113
198354
84157
125658
163459
191981
187590
88394
178653
46284
28932
99877
34093
63398
56919
11959
17659
81931
56704
72297
178489
63809
115881
129114
150363
149166
37504
121972
155706
194160
153515
97263
74038
52534
144154
74482
96752
66505
179041
73026
189827
125893
26100
151678
99814
105979
73777
71691
124610
194783
42540
58722
55042
74573
174840
103617
12031
156493
175271
166660
143410
33720
133786
26135
97663
78745
97169
16900
155182
129074
70350
110462
53422
36782
158764
186106
125008
105258
167743
142848
21965
138785
47491
176201
142442
45579
81653
113543
144525
54248
141425
133592
44686
139604
28168
31842
43653
36408
37291
101752
38988
58379
37435
136233
37534
99041
132333
166836
50296
103175
112912
138158
99852
119688
148319
55133
184410
178582
73021
149065
16623
10700
20223
167617
85202
73268
138848
167556
155934
52038
11264
145785
3642
90196
121540
168893
30329
100876
85875
60061
112903
121861
161886
169440
198620
143161
195747
156446
90305
169023
118871
89980
162561
136136
102689
170685
16523
48069
122016
16264
62037
184702
142275
47413
108329
92692
104109
1645
68280
192143
117095
135280
178409
128182
105379
150040
98907
196530
126538
62161
10164
105924
193057
162445
129663
190616
44447
188125
194930
189279
69183
56859
61822
8916
144711
121791
175136
181763
124311
187361
101102
72593
102143
5964
47852
172443
88246
92986
50335
11030
121119
120451
141979
17706
31942
94123
176374
181081
64045
122119
162635
25114
61590
135063
89377
43928
44453
39386
124921
184618
177949
128297
65160
151613
53417
41299
136425
158812
53477
20586
60350
116774
31559
89515
82114
175798
43154
170150
76764
30394
166783
115747
116007
140917
120623
102435
20381
53182
198100
84873
18440
42774
138146
122191
196091
196904
143003
41077
103937
170895
134717
191357
121806
167043
106821
170398
79702
55667
111153
183800
72912
23996
152501
56559
61379
143892
26779
122415
75805
170766
186417
38518
43863
67167
51177
197956
84195
32431
42383
153229
153053
68657
134790
161081
138809
100060
85643
31183
195852
37354
128054
179060
18796
98800
178579
185703
127846
79011
9479
167759
54369
66622
10163
50526
18649
78849
29861
171331
182325
195103
114381
149945
191571
122242
3484
166871
21917
122637
112929
27359
184170
76428
17127
98264
78833
90030
37398
28143
18409
123862
36313
104287
183313
13085
174873
140451
69838
28686
32509
168603
166850
140052
123528
49385
188375
82219
69683
30373
199129
24083
149374
75320
172105
111505
160372
108506
85504
51902
85052
140010
129213
118507
143720
35314
161451
99866
182238
188877
6779
110808
39736
174901
60814
10026
37101
113909
170922
113759
11829
16909
143566
162695
193909
107291
25538
130496
15688
78450
38736
48681
43330
97412
93330
33783
70440
60331
96419
8388
63555
142530
59701
184886
68807
74470
105164
159809
7119
68213
158670
116202
150773
87090
187222
189427
181486
180008
155350
13076
73812
8624
29532
142662
138219
132488
50216
8746
114728
163150
42602
108148
169651
128704
69536
37096
178848
105255
59999
114468
15499
130878
183872
106411
39717
199995
136872
92306
71804
102245
179124
185971
64751
21417
176096
139561
102921
199612
135589
42357
61156
175691
130183
49578
90540
174269
130559
6158
91660
64534
198901
85404
83708
49849
193441
129872
36111
70259
88653
17450
8005
78121
73709
92184
62333
57714
23579
51166
46568
16091
153333
139339
196895
3991
156608
194133
103244
175303
45
101364
67134
198809
37953
175800
59118
191740
189598
138611
125853
28646
44058
138296
35267
15621
192495
95012
115344
79779
72856
35483
76299
148724
178583
158931
67711
103875
32520
168129
43308
356
124849
10298
74747
41277
62603
114044
66763
121013
163533
108439
112850
195979
41025
95881
195791
114659
37638
77820
1460
82413
122565
116713
187299
4622
25085
58064
142750
55642
117755
51207
95148
133597
39383
66243
14966
122801
41492
9988
25445
166025
128106
16249
51394
199609
45623
120024
188146
101536
3674
65087
188072
137998
88798
196560
27421
51717
23922
147298
77242
150533
57430
18432
41892
114906
169083
174530
40089
149807
8225
111691
167995
17373
20334
154188
131990
163560
118157
92491
132543
23634
83956
53303
10750
5533
167161
124222
41920
135191
136854
140635
20270
135169
24872
173148
158941
25947
118907
165085
166869
197546
136541
121824
169248
107321
111065
86345
103684
11196
47916
23953
96623
59601
92886
136048
12399
8105
87822
144901
89646
17243
73194
188501
186662
74105
50165
128653
115450
70515
122547
95655
166178
90370
19621
42286
172646
23829
197159
159072
74563
175826
165431
133858
42821
157661
107693
105768
134591
167856
111453
47621
49476
113531
142715
195967
173215
100987
155097
119143
168948
127469
173754
119036
85892
14752
42536
87546
85719
39739
51189
128555
88391
113496
124469
86819
24327
25460
86908
115413
106646
195558
135521
144109
133024
103357
189065
129187
96640
117865
146490
198613
199131
61766
76641
10874
159894
83344
119865
36818
44192
1458
199939
4799
35883
118078
128108
136623
54426
52563
4586
41677
158936
161030
81468
108211
6626
174925
13955
144009
173797
64356
103363
11637
17721
105361
134958
147730
135950
126890
168523
66611
133603
117141
22916
112867
39092
165200
154553
55802
126364
13237
44829
183090
128374
158284
99385
146773
116561
25235
150648
87685
103837
140800
162525
175926
6129
85322
189298
28984
41215
14654
70504
181045
120545
85699
94396
50257
191934
111244
82594
60216
108241
58086
181295
169446
87197
84692
89063
82560
32017
160561
194479
169640
112211
26693
35805
37830
85004
112660
141542
67145
76665
100108
96331
166715
163378
20345
28122
27107
88544
62798
127710
126489
104359
94650
196300
158545
46446
100399
47572
194548
169678
145199
102765
187996
16887
16042
76230
169677
3718
66798
78156
67645
168908
153520
37698
57560
29742
109120
7584
63333
178432
94057
143556
937
43625
127999
154098
180461
37720
30124
181285
171037
93677
87264
130259
42543
32948
120605
36909
164458
7519
165739
170015
136098
66699
135475
42445
146487
106430
93650
152201
156886
138238
194782
197261
107055
51384
154669
116612
78006
45808
48597
173845
89317
5079
197542
160639
118045
16461
106501
198634
60248
107130
192252
15338
152852
156361
91825
39668
78759
18141
135423
146237
192073
188444
155903
16770
159871
58886
51354
21536
128841
26764
26298
47320
73522
120404
69478
189731
104524
19354
2218
129646
74085
189524
175766
28883
91665
172507
173914
58560
188999
138317
54995
93624
91877
185579
45675
175041
79703
23657
35135
140292
188098
25330
41589
165152
105207
119465
113501
172360
12367
121452
123406
38686
72065
125739
64653
157581
36030
131124
191822
123594
88629
101162
195084
137792
120012
54563
32299
81452
114469
153613
196435
84502
160967
191968
2183
87549
113999
173853
127858
16394
145202
68841
6959
23928
182599
24062
14887
157896
150530
153436
174733
173683
27494
124380
187402
52954
11068
18329
22257
50814
91525
149146
106912
141332
78987
170282
112871
149700
176554
64295
77627
124182
2425
176495
5091
92707
138438
128613
169785
153459
73767
35257
122333
15052
147059
133289
159927
6162
172549
134543
13946
95636
159509
30377
163974
167129
184927
105616
120522
140762
178514
108741
192855
82631
29065
13147
6761
107334
17800
76407
132272
177363
156281
193021
53429
198958
185739
164264
95176
84751
178727
162763
138720
142665
81722
49780
128508
95234
76558
141823
33317
103528
165070
54317
161320
134718
17126
98371
171620
117461
3308
136819
175605
79802
185773
164583
40721
134267
57490
16983
107330
142050
154693
87077
15630
66906
32895
193049
15698
27828
20715
61107
20931
78168
92348
82145
192603
23697
58083
2415
156320
183190
196946
166112
23296
166518
92451
7038
118098
139234
53488
152707
179110
177102
155112
4994
16428
81108
51066
50078
106661
147776
172536
9819
103459
4320
48370
185966
199705
71598
56677
6139
43073
167999
100787
165628
189175
41305
199094
134065
63788
80778
53660
70946
77658
79269
73572
182793
152825
150246
191765
76055
123533
126631
186102
184716
134509
119824
177878
47358
156824
127114
24262
160064
197498
66389
78278
198785
100187
112487
118486
83852
11163
97475
66751
184892
54708
69584
8640
116582
132187
29177
110365
23739
15116
87109
34661
23016
139985
112095
28404
166758
2491
174896
74025
77704
89190
141319
23495
72749
32836
116752
50959
5853
158727
25061
91005
158975
53107
112204
118866
172350
100165
116591
30389
122463
118349
60781
37581
178013
99406
121840
33046
85913
134972
191256
31481
70958
180928
38428
188451
165042
20759
54502
59329
66679
177479
155374
16263
138034
124626
179673
162890
186137
178492
184847
138981
192829
165573
120811
124147
124657
105775
153588
7773
47588
74959
41010
76758
164924
36233
116790
176740
45342
108595
154771
135133
161065
55300
191092
199850
27831
94724
44120
178523
138624
178056
25073
106571
99219
7172
158753
27414
21525
191187
93954
30745
199011
26143
21588
111991
16324
178857
148921
35537
143362
191384
13188
158596
89651
57251
53579
4319
33356
145469
193039
98474
31652
171833
120539
113525
155484
178455
19105
92222
40834
28912
116391
85825
79785
146802
56269
48484
108111
23876
101588
63182
129868
128810
36269
134438
152354
52179
180806
54158
175257
56036
175506
114941
49176
146940
92171
107724
36820
63944
41053
123280
61586
164194
34255
127535
93830
137975
30180
33968
165541
133110
190115
16773
41876
10555
142862
144136
158223
129569
194123
54284
121352
162782
65200
136299
77074
147448
146705
186928
70026
53256
119020
61502
71844
55231
194299
184228
25963
104473
129649
15575
113477
3467
26412
2513
124660
175212
186348
40951
137968
28675
139664
147904
48465
117040
106012
123031
91796
57135
40542
170093
186310
87815
103337
191974
14075
63808
147228
124139
57362
134225
183339
140752
94108
196517
159537
191028
186013
61126
38603
147381
22430
26681
54171
114247
36263
53044
143311
62819
198638
112432
189885
96778
66760
163897
68065
11229
22869
197634
158732
4206
135039
183007
86264
176299
168895
51713
112157
185333
23392
140991
81829
164467
103417
158973
38308
15469
170696
19166
32614
82624
88353
4096
187223
145164
94750
167512
174155
71128
154659
130607
77107
105030
132611
75541
128139
97418
19096
96485
132060
77420
48269
136067
182566
144478
113393
66539
26267
121324
96555
122245
35521
97930
159693
80087
85427
75550
47637
59580
133176
32533
167877
190158
90812
91332
50622
158231
133714
102074
157813
173044
120213
71536
78101
111145
175765
138253
27883
174074
151811
40658
95180
30387
151242
116867
10523
187044
25546
193666
190456
112184
122321
185813
77493
69893
52069
159774
133783
197181
142895
70824
178079
143117
73481
120010
20167
197579
177808
135574
64509
154468
17604
114963
3056
195826
194594
152003
138307
26292
126779
174489
185513
99313
82429
70696
52583
54365
141748
112755
100359
133662
27371
194724
89021
191712
11418
153356
93485
138960
90424
49134
98740
8854
37839
50708
5846
157985
115030
96405
18104
45829
87624
126433
82758
67189
58306
126847
189542
81578
14961
28488
158549
143516
89840
7594
148537
98817
43695
130737
54536
191579
107169
127027
182744
112087
47509
98036
141512
151685
2205
108118
199132
106049
79453
35461
65908
48483
183903
186716
112705
89786
169943
165864
198622
59059
147170
81205
80753
131555
1684
108769
180345
94397
112623
31722
148327
157182
103287
45862
109438
92241
183294
27045
108792
182473
3943
45642
155848
10528
63194
119700
159113
7609
31156
52453
126370
66497
92739
165219
129276
97668
89739
73900
96790
183617
147063
99475
32350
59079
174746
130945
179540
180786
128093
132274
48070
35416
3042
134344
20102
132309
83295
176409
112462
6368
174569
172261
14086
189203
27847
25672
147121
72122
137837
64580
182418
154726
162308
84098
60556
58696
58475
73635
118693
13398
10878
163389
42628
186115
116321
112110
169912
149227
164157
100457
179181
143950
28005
160106
110141
161943
135821
32596
131894
20817
56539
162085
176612
141110
114927
114097
199511
121503
59940
124956
118081
129189
60209
110719
160017
53134
179122
196556
98898
181688
165625
55193
57975
73072
32802
169048
98533
122224
166940
44200
158468
5152
17636
23264
57253
15364
150321
59575
39215
124707
69312
89420
191523
3515
166498
133441
35453
149817
22675
128955
83554
17430
24762
142263
193417
9423
152962
101826
2431
173626
41578
82889
184239
68636
29878
105873
9983
92305
139879
11503
30637
109066
196667
23470
33908
62550
120361
197130
20204
74146
192189
142121
148298
51148
34842
156654
52052
6056
158203
177842
116639
119771
79964
121301
152080
177027
42626
13409
13138
32980
164346
36796
93064
49431
133185
141609
42696
166282
44753
161210
63401
142130
13000
199318
52253
179538
97022
27896
65770
46785
158364
150835
37928
39595
155028
141947
132195
135318
113997
74816
117552
194416
27113
182309
51828
74796
192008
117550
141037
104218
35515
155319
188844
168205
121499
114132
30654
131703
35858
186305
107949
137081
196019
165252
84081
188254
144038
162908
155281
167287
106489
187640
132997
190347
85409
8084
136916
38881
83383
65796
30104
67716
123939
67336
152410
105041
66444
32550
83985
138729
88721
96252
94107
6551
94812
64030
85303
123760
164144
854
76689
125184
93293
166103
170289
174932
121469
68235
115654
33073
134100
185163
129825
83636
88829
53607
177683
18300
76731
108189
61988
142976
89274
119812
59351
96402
48908
33700
173088
165105
115234
181900
102768
102904
14922
110318
173672
94600
13552
53891
16280
61354
106891
120665
47169
145367
149934
121386
49525
15048
184959
153325
104115
123653
54601
45649
167118
20146
6922
122927
24991
139804
98709
103166
10463
69281
139308
84939
84359
144777
150945
136499
161646
11287
65248
43686
175988
81826
80052
77571
143479
55607
96774
3185
8141
89379
71096
158864
136980
175511
20426
42632
1067
78767
85300
43420
104414
132284
181032
21027
193377
95279
152855
90981
172611
183283
101269
196301
98068
162980
99902
20525
136539
62084
93501
186968
45528
134762
76269
1209
76991
75078
147857
73707
113585
8504
198107
161133
121914
185876
113529
109750
77805
60959
51406
65974
23539
158151
106473
41718
192778
100234
162115
126042
161276
24925
54589
135833
28564
111745
20857
75420
58521
10999
51711
79164
116584
5417
80377
101982
177680
146298
122983
7541
18667
96292
40398
74371
3176
191706
14351
173049
53776
194244
110716
191892
199217
169323
138176
56152
16056
68222
139008
131299
69963
66000
168811
84815
32247
156718
60449
108059
131746
4862
8076
120993
196785
164094
76958
165585
58157
143113
184207
155632
88431
132844
112715
118577
166570
156763
172194
81427
23321
77800
144817
26020
82640
88941
183483
192454
38756
143602
114997
117294
193734
12503
185761
20380
89085
1464
81017
156209
36589
101465
42654
172742
37516
111084
53097
122347
6543
70472
140053
28479
113869
51614
32918
103694
36674
2814
159606
179940
122414
170210
184448
185609
40240
76540
111001
137801
3245
135645
68779
10498
186543
78454
129236
198796
171638
146934
41674
77100
8649
71758
122507
17312
163188
166287
49023
118097
80757
182345
160908
97327
195141
131931
3657
79190
85337
132151
36640
92167
38665
67736
49905
50111
183869
117239
62964
69380
18930
126758
5311
191501
79801
24918
104064
107764
85015
34748
67887
163083
115530
55745
151434
58916
47147
6772
112043
63094
75813
118940
81210
140971
61347
130313
36498
163944
84611
42955
27321
158550
199258
72377
172111
91400
78602
83424
97584
28583
121605
8706
101005
36945
172178
105850
181209
21474
9270
192669
193999
140408
198858
188955
163119
174386
117025
85890
66816
75638
155194
65436
7206
162433
117510
15531
157083
108805
20897
20362
184594
105406
52265
179220
191547
31133
60285
156784
143724
146915
31421
183916
134449
18539
139591
20539
52887
199954
88318
192474
139510
150668
72686
80980
167398
16844
75204
171544
133964
25400
105716
107985
168238
135688
117337
15791
197773
63760
14316
119515
23521
15343
152810
145506
155789
63228
172467
131593
139482
182504
21494
2348
12920
43750
26726
108033
194591
80595
194264
49616
33285
125755
10327
29007
75744
168079
20466
189415
98397
159374
12469
198987
119165
80614
8446
75038
15468
161660
135693
38770
3122
84032
137930
169616
21617
151070
178741
42166
96968
74694
169011
73294
49551
39487
144852
60790
67334
60383
191551
54360
196278
139317
52155
154730
119633
12601
179792
196088
33740
40888
40158
63295
73100
98745
179083
163114
64558
24934
1919
11029
99161
45166
156782
139075
101885
68198
76472
80875
167142
13751
180418
172807
82172
54628
15025
128274
174
30538
76237
70709
49121
189244
120501
116784
58363
115131
47370
41157
119412
23099
162068
134771
96220
184429
2644
8539
60425
42057
185720
167895
187977
163983
187786
157663
154485
45155
64709
23807
106052
65806
50889
82231
192089
118918
30561
108513
82047
198066
100206
1475
15635
143760
45433
14239
98849
80949
92883
42018
49688
178203
62488
47071
22759
114529
39995
120721
6297
66060
162804
185859
123317
94864
60172
140273
128820
16981
19335
41100
161259
177062
193359
92842
97738
57208
77953
81283
2812
27191
87409
19691
21598
168743
158872
47519
31896
43354
180694
129363
23044
135748
531
127184
115848
159974
493
153980
62286
2574
36993
153255
188228
13039
66197
73708
39713
173070
40923
49262
2731
78161
28666
77091
114316
189355
127660
107990
86224
47791
19435
44881
66272
26056
184036
33321
92178
190680
89776
90559
83658
151037
18707
115658
130689
110697
65408
105326
141989
29950
145555
115190
43406
48478
92531
164591
52933
108418
139108
110419
57678
89884
194140
19934
162989
10265
196860
91120
78844
32273
181314
127319
84140
137261
148691
167410
95689
170363
148922
184504
157061
19222
87838
178237
2846
71516
181556
46541
15615
171564
67926
161514
16534
169421
134542
75542
68962
97223
129471
146171
76054
82347
120118
33305
101613
153688
104036
168009
99294
100411
123852
129544
49331
150594
21195
155376
47490
65310
162301
198463
81262
139665
44261
177196
29175
148015
135454
149491
4645
123051
103162
100720
9067
86741
101625
80583
162290
77273
116062
64436
17016
133015
15506
2970
156678
92407
132541
170674
153135
53478
20602
170020
181137
95096
149568
126156
130388
43184
185296
179432
158715
147689
37718
122600
59904
11970
61587
199134
88743
119039
10370
158432
169424
121460
118106
105148
183052
77121
10514
156465
182298
198914
30753
21237
5049
551
118378
131120
93688
1703
156275
82308
16476
155760
160297
97521
122363
15509
15820
11642
158698
132311
89033
39549
55931
168107
120731
15483
194293
117911
155068
61890
172493
45873
147444
35771
106426
159233
17631
19801
153003
168583
19816
178390
125684
153959
179325
196339
11405
184620
75110
143524
6217
182151
148324
74740
141621
11012
154170
176940
70898
172282
102646
37364
97111
79912
120190
54013
191521
136582
103179
183061
79000
123537
66120
98289
6904
191131
142724
89531
21998
63792
44995
138825
88811
125743
138782
43088
94483
111125
23377
185348
189131
15678
13384
63771
32426
58795
38364
24015
83805
95674
52417
128391
42461
99312
184908
88059
70676
153245
34345
152425
44848
132128
46194
186553
194829
44769
56384
111898
42397
99692
44282
150943
31834
117231
81397
47130
68971
124099
180405
64231
3370
160376
154144
35108
186666
46709
124058
40372
124456
144499
149107
109647
193443
71200
21134
81001
33567
89220
53142
132287
6255
50043
147767
189755
160534
94375
169807
154479
198923
161573
191940
165640
64650
15487
69093
151453
46356
82244
131860
94657
74275
51628
76285
54120
33758
173670
45421
14546
186881
175711
69365
80735
104038
135838
109487
119737
15828
84702
35937
73107
129885
2909
105604
189422
56854
163176
18262
101035
117204
108029
15302
5083
57074
86688
6484
196304
62426
98946
128401
196253
188878
76910
33104
159870
5141
92642
70949
53602
19989
27484
181651
81683
160063
193438
91612
191671
89181
94132
126481
43680
190405
16832
113037
176979
33980
75053
60929
75325
199253
64439
103491
172918
26131
96353
52805
171874
131273
199803
177450
25131
29752
196847
147008
86046
11397
8855
148413
128584
77131
195251
189836
90297
123777
59728
166489
108543
112855
113103
83760
116801
150211
171652
126098
64654
156091
138496
170192
114544
1743
100648
47951
98119
45832
37499
83140
82262
76335
17787
112883
71998
71513
19292
97807
194362
77341
81102
172619
150064
82534
138460
73375
168290
199078
45699
86551
53892
16953
92761
184761
84593
127885
45885
12138
164114
5351
181953
34225
51548
16420
959
125020
62266
36321
144346
44371
17298
40738
118759
85093
54432
99434
98021
91616
40659
44168
190070
157048
102987
159698
148152
48421
39280
193148
83070
165797
188292
51115
68350
197015
81725
96375
11153
93411
168242
111729
84260
152161
153939
1288
120372
59617
137298
44763
106968
95110
183457
21151
105899
90860
2075
28368
150514
7387
99413
1400
196434
105007
24720
188536
184310
134056
128163
56460
191381
41105
30317
17639
127998
25824
77966
52781
75010
165869
72726
67666
62899
178096
184342
72824
151055
186917
99517
123480
100915
152503
195715
82309
139248
19572
53176
185916
144653
79463
72818
113982
171525
114849
94949
4628
9488
23748
88055
82694
120254
165524
152783
21252
121079
140821
118656
46460
85918
27182
160994
18645
140126
77946
193222
137443
121437
