98216
132546
79392
108810
42899
75224
156124
186837
104500
11283
41080
188611
195416
19686
164834
86770
137295
126389
143290
51126
25449
118900
180925
62940
122402
61017
10686
110016
11876
117412
72510
172713
95755
80726
60553
29011
13869
21777
96871
18046
62032
129038
77560
136033
105855
42415
100737
149640
164266
162506
142861
162991
90471
109794
22644
38094
134700
33797
139759
120920
134402
180201
181787
192025
48709
131945
176718
21094
195596
142160
65648
18039
17434
63642
51692
113845
187290
185844
13871
116814
52485
33505
179749
102122
19792
16901
172043
171114
148916
137683
77886
1753
100046
111943
137277
189247
104412
178879
38938
172013
133449
26826
79456
82585
97605
31061
47448
105947
115332
132328
27546
85713
76525
80525
105953
79820
5531
6728
20677
2939
38956
119695
40041
48572
84353
12270
9181
175196
38818
148644
122301
149883
15163
134792
60139
28489
49455
189465
168247
22582
36252
144521
92063
174227
160678
104027
161511
52666
78009
152645
28602
38235
107528
161274
117070
133515
10373
66499
126583
159218
109639
53536
42021
147173
141614
132868
36583
135313
98820
93229
15503
171156
92087
172198
98557
20697
194366
28041
187701
42327
145130
141950
133030
173592
120058
159530
150799
92738
4771
188264
77463
27574
141249
12623
41489
150676
197306
42987
34397
188530
50421
152537
82603
70854
123498
133020
83475
152493
106143
193005
72478
49724
97296
156005
1360
122124
79667
198644
57708
62359
186487
173579
194062
33346
145210
88666
146787
86068
58650
33784
100529
8470
14281
154080
172779
70142
38637
13277
93400
72075
1173
131011
32846
109369
194540
125459
55793
195003
176849
18022
117052
112213
126898
62945
41166
77173
19808
100477
22789
120038
20953
172618
175194
13507
183434
158194
159743
145230
111539
71488
144876
24936
180825
152657
7803
23502
180785
128293
174515
189227
189816
18690
198228
142916
196718
41300
129400
164561
93304
37959
33349
34026
130715
101136
92592
153200
152232
37214
165626
112791
27105
101298
93681
18724
111127
49101
53918
141871
32325
34541
145585
55129
2277
197444
112144
146993
60270
178427
15939
157043
50704
21321
92970
70252
32474
174809
63210
51987
51443
155094
118767
116388
194639
62845
13180
115154
94781
131992
81517
148813
61037
36447
141036
97743
174737
137373
139114
164384
60683
25955
48826
119551
130956
53089
132695
82245
33021
102186
184299
164441
110328
185827
63107
1127
78572
19862
151202
145143
124970
59073
146350
27293
92035
47123
139724
71677
170278
134535
38943
96438
132305
132310
174407
190758
46375
116095
73166
136229
190743
65454
188175
162942
39450
72607
63321
104888
17339
29690
161925
45396
116585
53442
55835
99043
136671
171061
103268
195170
8317
30490
155535
76624
62043
82975
57456
29797
56813
183324
16351
76807
99513
103040
83697
60473
181877
182054
32382
2767
175720
143817
102100
5627
16927
172842
165767
163718
61173
141289
117455
34191
98615
28450
105289
75507
93211
122514
74474
34472
179219
126424
144583
40324
143730
150978
34887
123526
142642
193886
87132
118080
188515
119841
100629
49881
91574
50025
150590
27265
194904
174754
49689
103987
135476
102835
52273
70150
104076
26809
36428
101771
171285
104312
93741
83040
79122
135134
131518
105381
12799
62989
56196
16130
52839
172095
74699
187540
168005
149516
28797
67724
45852
103917
124966
136666
45049
154684
45639
60286
188940
100704
119762
32507
80126
140611
103034
183139
99797
5795
95208
51707
137849
135914
76673
5606
80571
90919
118246
52021
35774
189600
125276
120385
168249
169149
181930
66345
176488
99045
43113
51720
175709
174178
157807
47395
108008
134302
57412
186199
108347
47344
72539
49615
50115
171762
56827
87315
120427
28453
91827
894
96533
180549
5015
2855
117310
155527
3323
38469
59834
122673
89364
23694
141759
190352
79773
89730
61672
76521
133505
45310
28757
65605
32572
96820
157521
110574
149028
45952
20388
177911
13454
167506
38600
146923
177356
58766
54730
131723
86202
196737
105939
115441
24208
75654
122542
50964
8780
152583
176869
188439
99833
82619
73247
178080
114631
99550
186504
111338
71791
57474
45821
125637
159492
61238
37244
76877
94706
195890
88774
49405
148782
97015
118989
177121
164692
196888
33522
74916
51573
194545
3407
103275
65629
102675
67816
189728
55789
35090
97744
76034
112255
146595
131234
144019
125782
54987
187876
166170
142513
173598
174972
98023
128869
142187
188704
16456
43944
40855
110237
123110
147896
11980
87848
49911
121987
186101
199688
59489
57131
111024
127874
103019
94462
185417
2216
16000
148544
89813
14496
30491
198074
57156
5224
194415
19823
137507
48847
197758
75859
109885
181242
30512
150465
70819
165481
48136
63149
8524
40212
190449
31628
90064
170366
181224
56662
66222
142838
138778
192122
151181
29054
141765
63880
72713
140320
158229
72816
184581
92920
118840
186047
89672
8792
105683
82126
121030
33979
102823
102429
6696
118379
134052
123837
98044
152000
89974
73147
47115
177129
159156
133106
93507
90796
184495
57236
34804
66890
145731
151650
40579
125474
142419
191758
45658
16639
23173
2807
189383
54101
198827
32981
94870
647
338
115129
55053
86629
141861
85746
148879
171002
199802
145369
115217
89582
160134
175144
196908
1297
192875
149178
190579
73269
152730
14273
12177
136619
178980
89039
109331
72588
36849
105279
127444
84971
19785
90625
108596
18078
177156
38125
95814
118408
54816
152759
198473
134511
135993
40037
4362
8183
149113
45193
128116
125884
62290
27537
163372
198537
162535
195933
149372
116873
84997
111818
157965
199175
41593
187987
111625
150235
77120
150647
3436
181791
173276
42958
164972
33255
6338
156488
105042
12133
71945
96123
140725
101359
185746
139956
195760
178224
141414
71611
134324
191966
9694
17581
128777
105617
13472
172520
125417
29438
163244
176662
123173
154290
181614
90618
159935
192405
71072
137357
32569
158541
50712
7310
107293
46617
146494
13017
69385
154182
167111
102155
37949
11531
76303
1443
34918
178687
23651
19680
164267
132933
76983
418
115746
86798
11313
175507
27535
80855
176436
186916
122558
164811
115592
29151
132484
82188
172755
95614
41523
67771
20446
179367
195743
40053
10719
4566
61709
56060
87366
81802
142048
28071
33316
22992
118535
85144
54693
150642
23484
94660
99573
97382
139025
55548
13027
37823
5055
3564
49194
172108
110554
30467
85262
118228
85603
148909
16479
43326
42104
107579
138311
145318
37267
128043
149097
142908
132138
197111
154276
75469
43198
123157
25885
137442
97079
125014
139939
81593
127733
38866
110427
86033
102302
12339
159043
107482
182679
168092
150362
138727
42608
107915
178985
133742
144874
76657
141851
95159
42124
116808
39609
141243
52323
131730
32175
25118
72223
42498
18821
57116
81741
183354
28687
153912
180503
164763
9909
45159
172606
155334
146295
123431
16582
52904
6284
144575
142123
86937
92961
158741
41304
8946
50683
152105
112090
37606
188054
170943
67772
161894
95489
90310
111114
81211
48089
11154
104363
93361
107508
188830
26738
94826
61112
100600
10841
166397
14361
81500
85307
177813
64852
62900
44809
199821
51337
189566
26258
62977
199645
29912
107072
28587
149495
53783
123363
121418
108517
161856
192781
166002
19275
21268
50644
94427
193510
47329
78771
123796
145027
77342
54978
139254
79287
129867
114148
79625
47495
159793
37263
110290
9369
133446
36110
174176
37846
110743
21770
89641
66036
188925
181945
169623
64642
99388
108615
17437
123100
33753
74484
108366
105959
176275
165242
86387
78922
88876
85628
80442
86744
35534
68530
50903
24197
121141
53857
184216
170427
115369
161804
191729
23479
46036
139392
129572
431
3959
81646
173124
66677
59361
89281
176216
55316
52823
178324
160913
192770
155039
77735
183673
71583
105136
110355
91101
188182
48741
77770
63042
45974
9953
29897
143655
181250
45570
31909
175450
100754
131111
191776
80921
103893
132379
75991
171493
152294
197475
144555
78691
159542
183521
7032
143924
61876
112559
153852
115838
175500
92472
110904
123563
177832
179686
183132
7732
101918
140943
13078
185600
127403
197108
113435
108735
64360
155488
3647
77801
90572
152180
36195
29450
104118
154496
45745
169120
184309
77068
174425
78091
126679
16713
1563
160144
146736
79977
152743
185045
11131
35202
181668
113523
55830
173590
79337
182805
148554
182367
146474
180606
33928
66548
99941
72017
28895
43795
174111
151584
113838
176981
108475
24310
10398
29062
20950
52318
67115
17453
188374
147318
87128
81401
43689
88867
171516
129059
183221
61758
19941
141615
194392
33148
168799
23217
118498
118803
103998
17710
195820
175865
107828
29905
136423
28081
128838
36244
863
139943
176354
194204
43478
128307
196051
4661
60587
67781
132816
21492
108806
38113
184384
50080
15584
166800
126284
114744
153346
77550
155679
50462
133834
148553
150842
8856
197187
106597
180769
186235
189610
12842
182910
796
63768
88455
100017
114624
80059
191833
109541
128122
186068
179191
43432
192685
173481
88382
77443
198076
175698
130217
196007
188192
1071
154074
153224
94984
42978
191291
169081
178130
134982
74576
28878
115265
58473
7787
63884
91919
40385
186229
55678
104722
192022
105988
185658
96465
18703
199768
109649
26368
133448
147123
111679
37276
133262
139427
52544
193838
163018
25498
62401
117949
198721
98677
52276
156939
124299
8355
48349
131536
100379
157980
159036
186601
113069
112388
39174
105790
112662
45881
22741
89026
73693
28275
184450
99578
139490
169970
173337
126109
132032
13293
34077
125894
173861
23622
67042
162451
106688
114257
157819
87614
120697
22442
77391
48020
33030
87875
3434
96373
128597
129686
738
90324
60969
141854
55769
15153
58517
14234
59975
30797
198691
96676
126356
118222
40930
144426
95221
64454
191520
124142
167579
17634
120756
92681
51476
75172
87790
181776
76786
147706
196695
49409
14830
177273
141930
30150
35315
68834
165771
31579
67401
85394
85213
153078
155585
188255
163363
155389
116781
172357
148485
150876
7929
174087
8145
149873
103922
89716
45143
188500
82509
179075
124799
58388
173413
24364
609
29074
152775
121305
181481
10389
166375
150904
112243
166340
27522
34784
161820
147066
134034
72446
83151
119159
39130
152564
116813
9987
180494
144128
112049
152800
28897
21978
100112
86471
139435
177249
91775
131492
102321
56533
182844
154094
102498
136915
133342
23316
132322
60757
85978
53267
187663
139063
13389
138414
127144
147393
170692
175245
151364
163414
120389
56300
99130
657
189040
13155
133104
139582
62335
111351
182655
180750
1385
160308
153926
96318
35956
131815
172595
182344
72128
145941
146234
130207
131713
42849
122966
25890
119257
116865
47294
9078
78524
30243
83252
114707
14372
57103
100445
164597
69135
137025
2768
171741
24749
31367
111416
82120
30688
188269
164599
38457
192178
38849
126813
9875
131537
199261
59189
153794
170259
74535
37055
136866
157528
99039
11063
48553
768
94816
18961
109409
64612
8507
65386
189032
140217
148183
37795
60092
119195
188058
45138
92244
115470
138651
173538
158686
27037
55056
14841
185345
180533
47403
102189
170228
62719
54349
150737
18878
122441
118691
84836
101946
131664
98116
12787
160687
119867
101732
88088
150042
97064
163224
26128
36452
60355
49004
111160
8320
15800
160403
66541
2071
42832
155781
22740
100246
173631
148146
38774
74556
70814
128670
75683
192725
129345
150474
169325
191073
96478
21867
39458
150551
102408
16241
179593
198692
189544
136221
32758
87921
19059
14621
4602
143068
50614
39555
66131
106594
11251
53862
145611
94670
128450
40369
16400
169321
83043
161402
69121
47002
144937
142087
124254
125903
82101
161309
19510
118863
120095
115768
176003
149773
74856
39085
65814
148468
86498
40393
150552
153134
100190
130320
82744
175304
141299
38912
96703
110298
12692
184793
133930
7742
30496
36855
135895
100646
182365
165209
38766
108701
22908
4761
93003
1424
143173
67916
120205
21084
122804
24368
196815
160904
120563
197246
190942
25749
9618
7989
5734
32826
114022
188004
113333
194955
90991
59800
164187
109799
159279
176705
134950
159965
69021
181894
186580
192448
13015
38521
184398
197254
69318
138456
168565
16609
182147
67762
133961
12996
104060
38630
25530
138933
129040
37633
186898
197105
175247
125644
112303
3257
179883
110712
15704
89429
49994
5199
2309
51017
30868
175596
101260
3319
151135
157221
123888
183790
47910
109788
1203
63984
164379
23832
155763
80072
120855
23570
37448
112841
160618
64384
127839
35882
160320
37901
78736
69105
122878
141605
163659
51237
63668
79621
121192
25057
38810
57676
90865
170219
159788
107567
130657
77682
75972
140796
31354
17803
71719
103711
172510
111060
60927
133539
95440
88228
32143
109060
3117
52685
111972
38057
7849
175272
28652
92569
9212
42572
125183
164371
21524
145724
44466
168953
51376
30687
102753
181940
79992
154909
2132
101721
44850
95813
100180
77372
122338
144361
69233
156251
65183
162779
158482
51395
17973
5593
180269
123740
114735
130026
80399
114111
4990
43531
16278
80607
180773
111323
85101
74096
149918
3935
188554
159241
177851
197102
117417
111809
24205
99280
30831
107739
171758
142200
110895
184005
13393
113246
97313
186622
184072
78808
18538
70281
3882
150393
123849
12854
138431
93892
26459
18028
5510
41091
83977
187391
39734
105150
108858
6455
19371
11320
179271
178936
178451
10691
83966
94592
126269
185701
90921
180303
155230
160119
16393
18611
137649
147205
150955
114977
114870
147712
109919
105215
57713
91700
79493
159424
162914
184637
26187
3380
128467
150651
44928
28515
168767
189675
27885
164618
167105
103830
3857
158749
25488
105303
133596
98747
147307
53086
179153
98487
87618
34160
139915
26146
168077
110638
57824
12182
92601
55553
26685
25633
153239
113956
80592
128141
107260
71484
74125
65473
132755
118232
1975
113155
169319
139722
192882
191699
44582
171987
26266
187025
118017
144032
37858
5360
43601
199026
180162
73614
197964
64432
110269
174961
32543
1826
130851
54223
5217
64211
99623
193429
95932
69509
125949
88832
130097
95303
169418
98964
77109
126644
136782
121905
75966
135139
190645
173401
135615
153173
134751
103016
140780
146055
53483
158651
16310
76000
77836
116156
121950
159763
24561
194920
163120
92553
139910
117301
173991
115174
44077
165689
137869
30051
66370
199060
60840
96487
193613
102960
83397
83804
183938
183528
181898
62915
187409
86331
127228
10933
31746
89462
186984
126405
78285
180352
152895
183340
1555
38920
92615
130100
124373
97926
162961
166990
163418
4779
4296
169703
29021
122308
79603
3177
159523
78276
87694
133242
66591
25864
118573
29361
27568
145317
191842
36295
137821
113672
161648
50415
4594
84583
199399
143380
161039
162352
109169
177423
143365
135707
127788
143421
20369
73765
73335
128491
195927
85866
40305
92796
62752
66971
148481
148404
41787
171271
67306
22338
103529
114853
75792
19676
45723
154456
76263
85516
115015
193649
106870
187914
173977
99063
22172
31589
22781
98029
162243
52104
65902
162248
174952
64096
161779
1742
101616
156537
157959
65888
13933
109586
164093
155239
151516
30574
93817
76964
143940
14853
33387
63653
116027
126600
131817
40389
190664
114377
28009
19095
107714
13493
58160
109730
198141
84101
102032
141503
76996
150463
23501
120686
161076
161241
154736
5732
194790
68617
46717
166989
93898
130070
176473
196881
26269
36773
103975
86309
87460
119672
39330
53023
22131
178000
181369
113799
85682
77838
32577
66232
144012
67161
92075
136764
85196
199710
96412
137682
161979
10482
78715
62736
112651
41849
86726
3559
128178
170095
96248
149581
134866
167333
141874
190393
64801
184798
16541
92106
153735
119122
10711
16321
77362
117539
150669
64093
194975
84131
74026
169481
164209
19943
149783
18174
115432
67426
111707
15285
58044
33222
49371
23923
150662
112671
183621
130800
78762
6446
164233
188662
62109
115348
77445
12351
112720
86084
100311
162229
677
155169
158274
42948
108776
6412
198663
53633
97993
146658
118430
42491
76406
45349
29310
12812
23361
193572
141096
159210
61014
20877
147811
165688
137538
175594
33548
110116
116206
52303
70140
98529
14449
174890
41294
158319
196267
131782
39985
6522
37620
100671
161661
63303
3293
133003
152820
26765
42534
57769
15182
16385
182225
186346
74752
53989
137303
1620
171036
176998
2938
53189
69327
8858
39151
117547
151207
166897
155047
112093
147047
194359
124401
147361
40299
104201
182957
177951
144529
83725
81841
189712
90705
76757
137689
20241
82897
54239
7434
116500
123739
147088
186026
125242
190373
54030
111182
37923
73526
176561
147550
157968
41929
41220
137196
82213
58382
119563
125490
101870
155671
147270
11094
98692
35601
80533
35066
151595
149314
114637
58144
108951
49037
1579
11080
112022
50394
143565
177901
187097
32461
55862
106330
45934
74955
127525
179275
191159
51978
145749
173572
74691
2853
3443
69388
92024
25207
93262
44238
97737
9396
128025
84454
170275
163323
117405
164243
31935
14777
71784
69594
56681
65532
81777
160862
40521
75528
49255
172380
29437
149013
183235
84108
107253
121394
62070
198143
2681
109445
133226
11593
166497
151350
191770
22531
117485
187673
142598
22157
26674
197849
12533
187843
193520
56921
136613
81632
139102
55409
159034
119315
153566
97434
75174
6648
9384
28198
122371
392
152953
55616
8932
121800
22603
164258
85794
144729
110954
25126
54716
133887
191340
73042
50000
20863
154332
4678
121232
146911
171533
165058
120666
127806
34944
128990
80988
140289
34904
83954
108990
145417
188747
73274
100463
34051
128507
16443
191380
46501
178762
29104
36512
177041
163443
56646
109261
24041
175068
57938
90576
145353
3193
100171
195354
139886
98449
35635
100853
25312
158614
149954
65958
159742
192842
33962
163451
148980
85029
67266
182102
148480
142613
103281
44462
139552
59873
82059
160890
101872
182772
179257
44281
46115
139832
36750
82725
84947
77540
8272
62667
113663
160062
81434
151501
166084
71145
185260
32699
127552
47286
141348
103703
194686
171116
72675
133297
27433
48255
91273
115241
148751
92825
50371
102282
168487
112460
140425
43192
74753
180468
88587
124987
84063
178624
27479
164031
59671
68568
71595
67687
110928
161401
112861
56983
32885
125427
122924
60384
137249
36816
113975
132686
82645
8117
197511
58657
191179
50507
34226
194323
27090
6452
133935
133027
135520
152653
90386
32440
34577
114514
46193
102707
99617
34992
57506
70290
46442
143756
36988
44411
77153
122405
98406
4508
21941
187518
177795
65861
122598
187798
128002
106818
179444
39095
64973
76268
13387
16033
114615
174363
191603
195190
68145
42055
99296
170775
149323
99246
116853
3547
93856
153199
76343
198493
62640
52402
72941
148726
108219
148122
111910
25470
188817
180196
121362
22139
22578
84271
156041
13211
109486
24450
63155
191474
145798
182813
174233
110304
78271
90485
173457
79303
162004
39210
143349
22598
130539
125663
63479
11291
180300
154430
34339
181566
126444
183338
38960
891
115469
25302
104322
150142
55478
57973
195781
62612
32652
10912
163663
138957
112655
17091
9415
1333
123355
128839
44596
184173
39728
166345
194846
163908
28709
94168
162245
54933
6879
6721
10782
189718
108639
113428
29644
30860
105070
14712
21862
3887
150772
97497
107413
135736
31129
10704
55086
116448
82159
14562
124652
172936
155572
25871
120220
162151
190379
81631
170341
29097
62346
122686
108081
133434
127157
170707
55658
77979
149022
154046
99876
23066
60719
116186
68798
33690
183698
55287
71311
12263
77646
54699
121359
96227
114346
93189
76870
162647
45748
8483
110694
170188
116522
43666
71223
29102
85471
187482
78019
59281
50198
31685
2067
111333
107560
112142
79258
13971
84838
53338
110153
68073
48666
114644
63624
84308
36977
176361
68787
51278
160833
90993
179544
84508
155003
169825
52405
45406
22831
11303
27347
124835
47181
79088
66597
124371
138864
149048
93746
129124
106795
69659
180482
101172
35761
141495
48591
169039
63467
8556
40762
143058
119653
108082
179255
75142
174171
143399
111191
110734
127499
189689
164998
12962
149998
82396
129068
80199
196687
176868
17757
140783
196264
131861
189135
151419
49532
103311
183070
139135
177874
163750
163424
145835
111668
129412
194826
124228
1057
104209
71983
111138
149928
90159
287
120093
12258
3971
170170
3200
81457
155663
55676
122827
2135
31440
194673
169536
23041
136683
73653
116715
20948
145806
61093
111509
113987
144919
124184
136821
89606
80383
105611
67559
28994
22408
125784
173249
104384
91510
54600
10350
81515
90614
125239
93708
60401
45321
39607
13721
42125
115896
174038
64508
111908
50597
27819
11115
153661
119279
1094
166968
187054
100188
155837
39999
140879
129488
94383
123863
157434
14418
86750
160366
185592
125204
173828
118405
191069
14020
30026
160096
62947
157545
99216
26366
118300
191127
63586
120510
115491
65843
54532
66589
158440
86426
158366
44858
87115
94418
7352
83500
136829
104884
40040
125470
115336
132107
39414
125029
36004
181077
102512
127057
198773
194525
49653
197782
44535
136635
172812
37439
62214
175514
177711
191002
167304
52125
68133
12477
56948
42552
135643
49797
124548
93464
53991
34984
49735
182191
163752
107344
198566
21874
91179
61781
89674
190220
21033
135765
193722
182229
76162
10042
124031
124629
134477
31114
93133
61252
185435
142822
112560
100184
152377
195078
152113
22304
54207
154886
164121
75896
144791
76995
67612
60703
187074
116497
182713
66950
195779
162100
16782
147135
111519
50536
67166
82070
166215
122002
51209
151785
164553
36903
6722
64748
67433
168525
164967
13666
175625
20540
90831
123809
173040
171154
174603
105872
107270
154742
102312
82981
100228
120732
24224
90632
5142
133155
26450
5623
152802
134767
157640
159684
120350
158448
73017
128769
42221
97798
112716
189439
131665
60405
30560
74577
101631
187677
93075
153903
93302
166722
4047
72546
62520
131369
132733
107531
77711
70190
17713
173834
10405
57344
176531
136910
68241
111507
167312
111739
35613
78058
165799
180860
112467
47368
42871
154175
193266
181244
186827
78603
24712
69895
59732
128021
55709
67177
68166
107551
178883
94988
703
142559
182356
4759
10817
191106
61222
147517
185091
191586
43120
115681
132361
166099
70830
31282
179407
108410
137175
11366
197451
163642
111258
35008
121075
112012
113279
6092
185874
130897
9185
123104
127321
93194
46862
98710
186109
78431
150579
102272
134684
46410
33279
57091
62522
189646
178092
55285
74072
109150
29572
138043
33666
191926
147956
12577
161657
125987
90592
86106
158172
187852
93186
195536
2284
42912
166125
37118
197900
58883
9825
98829
6644
161582
107367
126436
106478
32291
73290
144744
137462
105702
72409
188306
17395
32428
162006
34327
96072
74177
84296
70794
130522
87755
153421
187933
21721
191064
72634
180251
100603
57589
153455
129396
9782
98518
176431
160562
58390
5491
56891
101095
10706
178875
147991
118619
165118
162949
2076
40042
94019
30445
52857
156309
139589
147002
113433
80272
183988
137752
154551
61399
96312
193273
187596
155000
16090
168376
64054
3131
159187
136999
75015
186338
40974
197852
104855
7210
186571
98573
88357
83610
42682
32737
4336
184903
132836
37741
152412
131719
110587
183613
126046
24279
156138
138617
168193
149997
155567
41662
65482
94439
156794
191971
122252
173201
117868
33172
177970
86424
123010
52594
191371
89873
54455
126823
56398
35848
97154
143092
41579
143475
2304
141291
194777
90238
37523
38172
10753
62274
86560
119896
91568
12995
50791
60064
68879
89975
25071
196597
29408
47830
69593
110569
1244
135649
132283
4445
170885
88578
85611
62869
186539
134772
191182
84935
151930
77923
182821
67362
193686
147511
36646
81914
9327
168188
79283
27716
63596
43433
127842
76659
75607
145767
107650
56758
116810
113091
51091
8979
134497
169493
105948
143758
188129
141017
105029
60995
11898
121206
166612
152278
86317
60901
8394
64343
56931
89135
26431
165948
150350
152909
190528
176359
58386
9666
37111
20490
164514
840
109628
188324
18864
33122
60603
11820
168884
77461
78041
113495
23098
125744
168043
37045
151636
86521
171548
167794
111292
194746
188332
3306
28469
16301
132515
167189
45815
17414
117991
121260
165080
50852
45325
199773
11293
76164
115691
118526
95997
143600
117699
127253
138650
1709
82369
148525
184842
114850
82256
121345
41038
158685
21715
1394
91416
71561
157170
27829
11562
174496
119923
178623
113151
97932
151471
76853
151647
69669
89663
68003
909
20564
137677
183520
144307
43956
101509
172697
158674
176522
182925
62221
169212
79661
197363
183956
82672
156042
76507
131339
97971
74222
101280
102187
80464
64125
159789
182896
4191
332
67818
114276
175152
178234
71560
95036
186652
74790
41657
192596
110758
32983
138240
196363
4284
180704
175263
166818
172287
52934
7919
177556
184648
138426
79815
175585
130832
180721
123628
37384
48740
55520
63630
173600
125372
34719
38605
107879
91484
107703
105810
89111
77089
154961
109346
91794
139605
25665
76705
161918
9641
43407
161596
126168
122340
173692
184706
192184
171580
158620
166117
135257
100758
178296
172566
99857
174825
174427
123298
35492
16442
148623
126211
122546
43649
30939
69843
163138
12115
54621
100897
118945
149370
166100
97883
181484
6810
26086
172970
65142
180791
15997
127581
145003
143221
113690
28268
94994
89222
147115
114740
43072
174442
186415
148136
182008
51048
198218
161698
181962
110914
61155
145791
11373
25917
100642
75346
69407
102451
108002
54254
11992
168522
139391
106198
131814
198737
109927
24903
44798
8116
8294
125059
47646
102878
62729
65227
49447
125364
161463
157932
144846
5296
21051
107147
15877
140532
24056
25970
199036
142529
6429
111987
69428
116179
196808
91450
49114
33777
13886
31456
61361
2753
15375
123248
87853
61104
153203
140825
72113
80076
134807
192687
64671
183550
107909
14919
97
105142
93640
14200
164937
53193
132139
169265
37941
46779
72872
111834
160292
111768
192769
28205
16664
155323
180842
39194
166284
115807
28023
59519
170666
142111
98538
9506
160674
12882
115702
34764
62922
99712
2835
62248
15555
163405
196104
7151
99643
41395
179057
144462
26225
27832
104513
124978
92790
50909
43526
94339
143179
73262
103302
46910
109655
45552
184841
133904
40232
64390
77297
119340
130230
30893
190465
176373
9016
136739
113624
46248
90385
89470
8091
4338
64349
108457
101790
35336
59436
188592
74911
195599
65828
117076
172226
91818
177843
73921
127083
81142
27295
102109
33794
40750
88652
78414
104122
12412
106823
33263
120340
173334
91131
138671
198731
18857
47163
87201
67564
194595
92602
58331
66227
183512
108643
139251
3049
7113
172899
61522
37013
185803
177128
130744
149149
150939
53225
15713
20577
127296
182722
98187
137934
62669
85098
131653
24669
182786
91300
124336
87733
173634
86814
61528
79440
150694
106922
22165
180074
145556
141281
24940
31837
169689
115457
192475
97797
8763
16228
23746
6358
102609
55018
149964
132850
39116
116693
195883
103678
119449
104134
133353
126688
116190
188537
184736
63244
148245
157769
104429
133857
9738
46341
23834
46635
55417
164545
50308
158269
62524
117644
123205
196788
181696
55608
175489
34489
138189
8546
81758
41796
48870
145841
5882
109948
34617
126953
53883
20985
144055
61388
101251
36206
64456
184205
10908
117007
197296
79697
139627
198339
156180
123815
42919
174189
116653
181911
137396
166440
122334
43418
69104
170677
119506
106409
99796
2590
56290
67310
86678
16085
3456
13817
29010
95693
123880
175517
15632
37995
82324
118037
49099
113330
42303
76626
196064
23517
63994
130923
118435
91333
51533
27086
36772
157038
57504
92411
49201
188616
99415
56157
190777
113680
187183
100431
51706
136691
26047
197337
165903
156569
122267
182605
4438
197500
60301
102486
98657
176230
71933
149364
72378
38903
79076
108155
41733
106356
31204
125690
74421
46154
80769
107386
196052
159062
79206
106813
129123
4861
39699
67454
109712
176166
175254
52898
64950
31215
117353
165184
6895
68105
14034
99580
89597
190446
179072
22673
197986
126533
155147
152238
176637
126643
34070
173089
70810
173287
23421
1172
74847
108958
116489
96548
106673
56051
162619
97740
68432
23576
94553
196153
132815
106464
180155
164844
70419
27079
164563
11902
170557
100681
174714
17055
185666
36676
140693
84005
51645
81255
174508
123461
13366
101530
6660
96736
103526
106468
33942
35149
165106
179752
132496
161429
57657
54141
182455
57547
127387
125969
88020
83842
25820
124511
136308
105587
20199
102
51283
155195
55838
22919
156910
58680
142232
69425
179879
88801
173484
31332
186981
96486
55900
56433
9103
182267
141714
106355
122579
125505
2334
93442
48214
39097
156480
76452
189085
113174
161664
57813
171631
145671
20273
87426
185533
9579
103290
66400
183557
119
25095
166412
55670
75129
134867
86313
118941
174824
30899
109770
141498
5505
55000
137039
170926
172719
65258
188258
805
95543
183469
38939
174136
172921
150178
165824
5300
100186
104254
88447
80611
155523
164206
31687
155170
79792
117564
99223
145647
112192
164488
21846
189360
39067
165861
9739
163343
84897
191676
122018
100668
76037
21245
102651
138754
128792
139049
41103
27423
27034
53664
177674
43858
170588
28033
77844
150180
46274
131852
59432
82854
9013
26635
167017
144720
10271
188482
60013
36043
143577
57195
9439
151936
100215
10100
2038
121340
141080
120440
15796
90145
15097
157926
79854
112433
195909
147841
175604
189217
55797
150353
115965
86454
14015
140228
157999
35383
114700
150786
24108
49504
34869
2036
64064
2757
30804
170938
32700
8243
183312
154964
10961
54904
98522
105997
51891
59598
41871
142726
83888
184172
180306
169819
184524
39317
56819
195702
2995
194475
59929
10968
5022
41219
69853
5185
179711
90693
42483
56895
15546
163070
25283
152067
166419
43769
81423
14357
8664
166231
132106
134862
191306
33976
84880
86048
20632
9535
99262
139166
70463
113985
166575
15203
179461
91977
76547
20675
58728
174428
140679
91380
180772
191684
96799
20006
18525
93811
33741
181753
55826
142267
76670
63933
105080
179924
48638
129086
79791
132961
48164
66168
170824
133977
38187
92304
194171
57962
63360
54444
137220
22659
18996
44222
136321
142332
16450
185068
79529
54052
86393
27064
72651
154243
134584
151972
86599
21121
100202
112504
120193
128690
35586
41098
127070
100852
149168
153563
46369
51968
196237
118591
104327
733
131639
5191
25991
89116
106971
53671
175707
58909
63077
133279
3314
94842
26993
196956
30949
106159
35910
162722
78412
32468
28253
195956
138250
171336
43843
13656
118091
116291
76468
172275
117891
49590
76017
172012
21794
187237
158528
77197
104442
124394
58270
154794
79013
37986
87158
199277
22805
79919
6202
169737
61292
163191
189931
182499
42529
57426
94033
52888
83850
127979
178993
112540
158756
139358
126470
14620
82123
83840
6817
20374
53733
169973
3958
125647
131551
103110
168537
163884
147259
84124
23782
26487
4909
113947
60984
114099
167324
146542
77502
78136
40533
154695
159221
107343
191850
147863
145688
185098
83855
38180
24707
172330
183843
73310
108526
92062
84992
27499
176095
64476
104147
48469
97761
3427
101381
114704
148568
3845
99750
95173
145549
141747
132388
41090
64732
156461
12419
192926
90092
7016
103929
134069
107339
133583
109234
41403
91047
50518
28869
124175
143123
107498
156221
126345
16963
53662
176944
132031
110091
47244
73755
103070
20567
191780
169928
728
8433
23565
75746
35052
155186
83987
40105
163886
63283
107684
7400
24944
23477
82936
94013
16252
80873
179210
103407
115719
165617
53151
7700
151332
18446
47003
153250
179733
68905
122005
143605
130927
86864
178133
108424
21330
2508
61440
13079
103915
152247
160103
145820
77386
70876
83537
101620
70136
120139
81949
23814
171513
133973
23914
7462
174789
52028
37623
82255
96148
97249
93093
192686
172368
59614
36116
155129
73736
117288
63604
136712
13437
10440
65039
28189
41573
136842
102243
183629
147062
97724
150380
3778
88625
61567
115394
180009
129967
42851
54543
102026
44886
141623
155740
52032
190441
34757
101524
129884
15765
46639
53217
177971
92052
18845
10877
16389
82224
13194
70913
74477
164805
2467
171391
49022
63174
180016
179391
158599
175613
60010
55827
98985
120144
12887
92220
13689
55123
29077
157340
10347
84269
135913
23294
174832
187157
180380
5662
184542
55209
179477
164001
159316
162131
74122
155293
129098
65379
100214
65517
163050
21915
146398
32776
156149
34600
43128
192485
101133
61604
15938
134587
154205
108017
54757
61273
182393
90332
100715
13365
122212
147772
30547
166951
78452
121904
110978
154940
34095
109591
175612
59914
13063
171232
62124
42724
93905
166438
28416
160581
55089
26063
184382
175166
43203
89319
169864
72447
167251
87660
135438
114218
136595
49671
130114
6144
49947
169687
17080
155868
121925
159225
23504
88592
49446
4154
87267
111599
110342
126165
95302
199801
146840
25343
103820
99404
65298
156019
146535
197668
173706
181861
157473
101337
186123
147191
36920
157741
176752
135478
26839
5454
46273
39830
140074
198067
182681
39934
16503
110912
105371
185693
13060
4148
117419
62986
190266
175115
192332
183408
198788
51339
98242
74801
82432
19709
53969
117842
197016
160718
142712
177247
195066
102469
163266
172961
152103
143323
13247
115221
196105
82937
120444
35496
189432
172477
168408
87453
171266
185149
23382
52713
74057
171385
43187
146390
44546
57057
63860
104314
36264
191949
199489
153644
69558
18201
31897
116938
7244
166908
36287
5236
172087
126741
105252
65542
54400
19817
153538
156709
144264
174100
126105
99510
145995
181134
114436
152722
150513
190410
158847
180442
149158
186630
148743
115950
187550
108552
63223
83568
174131
113804
179121
68828
26855
196240
42650
143692
8131
68943
175376
171954
102575
34349
90745
62434
10781
191052
100412
45287
46361
89003
88081
139793
184316
127578
121097
48336
156102
110512
150834
24672
39795
112429
100397
35201
155135
85858
49883
59883
19362
61631
106699
5497
64605
168900
117369
32058
112051
102039
123124
40651
61638
102718
31247
171884
27648
14816
34693
38030
70658
158067
177304
90671
158100
10351
87257
56119
115602
85346
128338
134975
109165
182401
119933
6847
188628
16797
35839
3034
130196
10257
63169
119231
182735
117072
168272
181261
88530
58724
51526
118743
101372
85198
33005
135357
16416
181127
100172
145901
119435
62394
199769
44363
167663
73190
89464
73460
186139
137399
7511
155405
179656
144918
165318
166065
63023
72462
173941
46502
10081
27798
138702
78957
115212
28705
164193
186914
33467
16783
13118
89310
58958
121708
76128
180674
90142
86446
192246
132216
131652
100305
26830
124085
195396
176450
157189
60964
28826
79582
2012
119807
39527
159405
15019
21207
126390
197825
78796
114451
13413
93444
92392
166606
74767
180291
42276
120873
45170
30455
32229
128234
30809
166597
130103
80677
6186
152944
72509
170077
67049
151444
47533
83830
170304
53795
51451
177928
69245
166277
161343
161645
62700
1631
16066
63794
68242
80395
198865
184720
23272
77874
12430
42837
28277
164110
109589
36695
15464
124490
18307
63006
166486
166015
97900
47375
44293
95198
112014
58503
125185
91948
171060
109827
3829
7335
190391
33086
40611
135605
77113
5210
149831
27431
19020
123096
173890
199876
159830
119821
188231
38373
169926
121453
74278
63252
22283
199836
51297
182757
100767
55028
192541
156125
122636
14717
98732
125979
56541
96660
45066
112928
780
146514
184155
168223
7850
167278
111540
192139
25662
1856
33020
150853
116908
116402
191238
21604
148484
80770
54008
61111
84505
71575
157594
176143
48077
33329
15380
86009
107752
129925
17872
81915
65804
81993
38011
42965
6778
135308
140361
150208
3007
139669
81058
187067
118657
133933
167751
15305
118309
16685
155526
25731
127246
48520
31300
49175
72212
78920
66466
76074
164611
40113
71749
98211
184819
194824
60467
30109
128849
114667
53784
140733
15165
100363
75145
69677
84091
197279
100512
50751
86465
79490
13073
27841
103530
51903
89695
168585
66752
162298
35946
59850
115855
4727
119196
125906
122893
124398
18390
2497
29153
39433
64739
85062
123675
58136
185266
54719
112313
101763
174186
53274
122066
165841
98060
163260
198282
88440
33691
14093
185189
11999
76483
114280
190153
5490
199107
77351
65650
75508
114863
160739
53804
119008
51761
85668
88724
175295
105306
9550
40282
28830
29477
150197
76381
119722
112984
148049
194616
112657
35824
73667
101059
187311
151428
16353
175412
17900
29960
157104
117213
61163
199702
55961
41839
177779
187984
99782
161659
188224
32922
51049
166349
82565
59595
63974
157854
182613
76027
18069
131193
96117
6001
141092
21144
46026
10819
182927
8603
73152
136209
67896
62265
3433
69359
72413
27376
53945
155108
127903
111659
72231
68609
146269
125019
4608
122922
182327
192348
10614
19512
101672
14703
195169
164521
132610
57270
121788
83141
38394
107273
182701
137164
88140
130260
42086
179890
131451
46054
0
11096
27392
159716
146669
171196
3452
29571
74182
79067
42520
172133
37260
114911
97530
126258
21826
185279
77867
151188
9510
179987
159487
12106
154717
36458
184388
167074
53658
149585
50419
107839
86016
102654
10367
164751
23234
4031
26652
177998
30392
68761
40013
33850
13449
29219
197225
195285
163415
123869
60783
196365
103332
39162
194821
110176
128922
149881
129763
121477
173222
2141
79223
124613
7080
128214
108581
190568
178551
65417
124887
172419
19153
145296
122231
140845
114433
66403
193455
92358
134273
117151
182389
7549
71699
139481
102869
172772
69635
138614
95966
73595
127597
130441
112759
194879
98436
93009
187427
92418
63978
162745
109611
148143
7950
107500
116634
58827
176830
170852
7355
26694
86524
99821
6081
166808
26271
11254
86214
178834
129279
158339
34060
119369
109571
85712
145862
152715
55292
102010
108385
46492
110147
134620
144920
148702
76411
71660
167053
100487
185531
181046
115983
57908
26317
50003
140982
118586
167591
129669
189039
106073
53474
23093
104949
174886
34548
181536
19886
104595
117197
169138
24609
102238
131088
142095
78057
160276
161127
7791
151525
60506
30723
4656
31873
103604
38069
18343
27755
9523
175279
30139
81684
31996
122774
86274
197353
173804
158476
14227
29376
174949
81300
143072
191869
165193
178983
1921
136752
84673
96063
35487
56754
96064
172831
191349
156205
169482
199832
49125
132973
189964
145959
188691
167672
143369
118192
149220
15425
109086
196291
196522
150033
1746
149416
35968
18463
198655
197507
48389
138242
135450
195261
23506
77427
152608
8502
10829
123113
84934
129858
156365
783
29767
93178
90974
4145
28621
81249
37338
111390
113011
242
16335
119251
121107
5895
57966
41282
119785
67690
184548
8336
94440
137410
93549
150436
42170
118367
185704
127391
46476
57028
144626
78266
114113
26562
44003
50810
139109
161078
78945
127367
149784
124094
7116
29693
98013
143926
79893
71210
81260
76431
69846
944
149632
157722
13210
158238
7260
130278
53248
178915
173728
70715
130062
114886
53760
195358
46187
149347
98996
99849
36513
182189
141545
77632
36159
146660
180288
122028
106568
13551
178822
149641
128380
173566
50443
20069
120497
11222
174192
140539
166495
51164
160303
118267
51887
177236
100442
3948
17300
149064
54332
125692
19759
192312
194740
183586
22952
120379
1855
111767
33235
186709
69345
152752
106028
165898
29630
64365
88543
9040
110266
180558
148927
38534
46925
49569
167583
122133
159197
179941
40795
52173
178567
92911
61035
159847
87239
129502
151607
104587
19556
6453
166867
127692
87976
166838
110796
135355
186834
34475
70941
73574
53752
64872
6894
128007
147489
82423
43862
39157
93188
12011
33600
179637
118330
51565
51790
97512
145306
81987
7881
64573
19402
17050
71914
189426
104398
106618
18369
67516
36582
4692
194070
112167
105517
191769
6582
177939
38749
121443
179147
26176
156047
86129
130456
134944
111660
147005
35775
7323
5450
137921
38517
155096
85631
59107
116279
126346
87103
60091
68551
168162
10275
117217
43521
171618
100803
131575
79177
156623
49565
24631
96090
81576
40466
118775
10572
139642
83745
82216
99184
68935
125347
87963
40377
107783
152104
95294
179021
21886
63195
140087
72703
136574
54682
133042
134415
18129
94468
58293
107416
48914
82857
72418
74259
173243
28986
80816
17352
120706
167576
106964
1702
70360
16907
171320
198940
82571
63915
86249
101346
141271
165519
173570
161420
125729
62805
175091
89894
66741
65891
36453
6638
93617
199779
143869
70399
3215
111812
11188
57197
65510
72217
114407
170131
51105
6596
59102
63851
123450
8647
190249
155048
39938
169827
103992
107877
60713
47913
199022
140987
50200
57717
46233
60396
2503
35925
182437
198887
167483
110448
156620
61713
86612
55273
170947
5852
31843
81298
39892
53868
101784
78962
115574
191736
171308
52085
157595
190268
10084
70718
174295
17702
75009
170155
121879
68353
89112
174704
56616
4787
94010
186879
199386
177892
196922
96875
49418
150497
72268
77325
116184
154570
146042
124547
126187
179964
161924
148956
178802
58933
179865
173442
160322
126683
192042
68260
113115
164554
45172
165398
186515
174511
111792
37854
43709
141627
71729
102913
137748
102602
67507
119648
52712
108998
184718
123743
153047
51577
134427
192133
155997
95348
88366
161609
103424
68713
167845
161654
74637
184870
154565
104528
161131
143472
131387
42580
43151
106804
37814
21892
95510
89153
81910
92747
196673
199900
128705
22234
106008
136540
25372
183562
158043
188550
175891
162972
62304
152927
175739
156314
17198
119485
41681
53516
9091
140859
22763
196138
56972
27551
111554
32741
6443
95272
26388
44381
1
79766
111261
20059
189548
181448
176946
126263
46571
70430
167719
178118
183474
74758
49246
64203
67849
141160
16823
135850
153896
7084
57773
183691
111615
182059
76822
115419
56831
182610
80722
62340
143951
150263
134374
98257
61761
163940
153007
88672
171961
6818
91669
116889
198237
161848
33998
11424
59604
193831
15785
85580
123607
113494
198372
30532
12034
131033
109806
72080
28355
946
75076
63661
34509
99075
122208
14610
92333
125319
128988
170810
12116
93945
174021
63359
148984
49840
189325
197471
140178
159933
57060
117435
125845
27209
149139
30089
84203
4086
75741
183342
136453
7297
55576
3335
83073
112065
147695
86344
191504
190983
109870
147853
129541
65131
142243
31967
18793
132246
103371
50931
17976
99141
198177
92871
3920
119998
13957
172797
129945
12706
85535
150926
65987
154795
191386
104977
119872
126736
12892
1207
177497
19234
5864
130284
72254
122090
63017
42601
112800
7486
42408
91162
145108
147947
54661
109503
16579
9897
153158
90259
175286
197710
98734
75596
33139
81921
71209
146845
166777
101541
4590
19461
195069
2263
23030
175614
67674
195371
89726
157462
142973
156825
77084
194446
151847
195685
53507
72557
83657
104835
135396
44921
155160
83347
6878
26711
89430
87879
139914
23207
71218
76936
158606
37087
12628
168933
145634
22329
33853
127475
1148
14547
9105
1004
137242
195351
15259
6305
173020
34970
49506
196924
141860
120945
60245
109074
19415
86297
46729
154600
89081
11125
40933
135290
146781
173018
186544
137466
83297
108522
77015
149454
61135
47302
146176
130679
63824
66564
89690
59493
160759
146689
194621
47707
187814
28893
36669
62379
65667
100566
33074
4890
95806
101563
28815
15218
81192
118516
113701
52445
26858
140121
104654
137612
143627
131058
151761
69525
168357
136316
77904
145101
190368
101748
4647
127571
182871
127332
22661
39178
197897
60356
115593
175260
179177
129886
75293
40757
93758
44548
172324
61471
69740
43822
150381
179953
86916
91634
135846
42468
13667
20265
163842
122987
182678
112423
28032
65773
135199
17037
79958
6693
179838
31804
47469
82165
177480
20801
30298
8920
144872
153595
17987
12798
13931
41283
76135
23510
8527
59122
76179
123471
30169
69413
177657
59354
45782
35362
75660
166627
72860
107059
67307
65054
83493
27378
18950
82227
198344
165780
121446
5405
138953
103622
103338
177024
114236
21782
121440
161668
39044
93080
64820
182166
186099
112444
22998
111010
130156
41534
193665
133499
106071
178667
13672
15341
85828
101978
62800
97768
96352
164489
134018
90658
166122
184638
2712
172699
189832
113774
68739
19049
187256
16653
47751
151669
158068
72936
2635
66847
36236
135244
129209
162046
124024
103023
106401
138550
105226
27486
48935
17246
54272
66739
166369
149268
149050
33326
58507
167274
174786
51146
32873
177805
186006
190401
117026
102694
23678
7802
46555
172890
4825
41754
197893
43066
52541
132799
13216
168217
45075
129762
48479
102364
198101
36963
51634
6701
160441
44230
43765
28691
7863
55714
27812
30874
143526
71771
103092
158523
48665
116744
105646
161714
129859
63272
25263
78791
130286
76663
186538
172470
119840
65608
4613
11519
152100
45682
59982
52517
98360
157285
49322
120351
163918
165255
99047
148858
150556
98018
12538
148188
14745
172982
63206
31784
177059
79168
116619
139659
140082
42920
32124
75283
128428
180843
70625
5017
186247
39618
184411
173747
15167
24345
14950
157257
119702
22459
89422
32929
105232
29430
69505
67476
49750
11409
158979
74656
6039
110035
102879
42334
38271
185723
38164
95260
156410
88776
13111
119281
192051
65201
156561
194339
70301
113697
108852
175157
102634
64499
150249
181564
156400
178115
174662
19971
5211
44451
34167
19750
134036
65535
74836
13601
3148
144286
108240
197822
152029
153025
70207
2454
152012
55575
141126
137769
133854
73185
128550
80365
141052
7709
90133
80232
13088
150673
137008
69767
99669
119358
28822
6479
81403
93999
84228
86165
123832
152753
38259
91653
154127
76145
28
113169
162174
89609
94165
56537
164334
101093
94227
12485
165852
51504
5567
105407
84596
160277
126691
75519
113564
167103
14579
149449
116592
26226
161527
95423
18010
76438
198452
142993
72369
177004
114269
193834
186067
15799
87953
42420
63787
112494
188961
169240
46072
92345
29002
117220
131275
99151
81492
55823
138784
18157
33138
67679
128646
69483
119628
72337
154633
128458
178830
39777
76726
31570
16244
6967
175462
88107
100906
180692
111131
167896
110219
50955
27268
45240
129480
128302
178255
44504
20207
98586
167263
14412
51471
115452
174950
75845
15454
44861
139567
105544
196142
106853
91322
136762
57196
100292
120177
68912
10305
81100
116067
47075
95649
54144
182113
93675
127218
168210
80570
39131
174578
22809
127518
175293
125306
196506
28785
137795
34685
95949
4847
176021
196600
152269
1176
80347
195522
180717
56986
190981
182674
59069
89302
183996
110687
89434
118138
69697
17216
35095
169348
96320
113031
140415
107971
162323
187018
50911
157600
175485
88784
182534
135805
62306
166148
127558
86278
158917
190232
160105
162355
2774
51644
2887
185882
7185
23410
28772
125567
34422
182602
37143
51971
87437
129833
94734
163230
103802
170710
67449
130164
19097
199233
188241
4747
99438
98810
77441
93913
121311
34915
169732
37415
171682
60494
30272
133804
158587
174434
121121
134223
171572
123695
67573
68494
181830
186043
112637
131245
92719
165511
30941
139786
119514
145393
161434
93537
161000
85658
99008
79678
164500
154901
122215
143439
155157
150202
45940
51940
154077
128773
189076
136876
80270
195529
113911
69389
76968
116418
147826
3086
126883
90746
68558
153641
143740
189999
30278
109699
147798
46762
14716
82321
156937
33223
73887
146526
72958
82089
91687
88541
89029
80978
132319
170405
36127
2801
20335
137122
59002
39633
129915
42981
128903
70691
189619
25295
178162
96025
128842
155379
192468
24239
33601
91161
120802
143423
146674
3740
117456
121425
4024
113747
149833
38465
97565
121053
88911
57150
179861
178137
6377
42898
148295
27505
172348
138555
148914
19948
161562
177974
111483
95854
146691
128000
146264
20070
149138
40310
5120
27327
172485
103743
126797
37480
48503
174197
44126
32879
151035
140327
115104
6466
76698
9828
85922
20754
199793
22278
173119
30599
178028
27173
32547
101917
101103
60326
189676
175802
105146
20831
46532
77706
43498
128641
167029
135569
31331
176251
48526
10511
35563
24685
115029
38888
70437
183148
36362
131671
75576
133739
54391
39354
93860
183933
4083
118719
82901
32897
170805
194956
4007
92879
80249
146229
121679
110327
103717
1431
73540
176232
28130
164248
154375
13486
107545
177950
142127
134468
40319
67878
179709
51163
71542
178333
32592
101477
64364
101925
52734
32713
187917
153818
1584
139235
164318
29659
198646
180108
125234
82191
138577
113004
143865
34735
157234
11498
138354
170181
82950
173886
138776
127365
79654
180305
62714
5719
64937
7398
176865
109059
4717
97950
30579
148894
16784
66293
77017
14926
173173
6819
107757
99730
112219
63498
61337
110652
107728
13778
112481
53903
14119
19091
185468
71186
199014
14063
170832
118837
80177
61051
99162
64393
169833
50127
78973
114035
34936
158218
199271
3080
100024
123094
166972
63221
107833
157034
25028
59762
104440
143012
167297
27869
10701
159826
168718
56449
182521
130227
177362
154372
117156
159338
58660
184363
22015
71842
78126
167954
84964
151663
64719
155191
117101
78913
143296
64482
18083
185608
92404
85675
34785
84849
99409
83941
70802
132707
11967
85676
188816
179869
178161
36022
78811
145624
189550
188186
57315
37044
39616
138665
134180
18568
102573
63519
84299
79626
107521
151141
19322
114117
129016
183642
88121
111988
30921
15005
5391
90877
131778
93971
116921
15942
166662
88129
33204
87101
185850
189783
158543
4797
58457
49589
175122
103405
23611
161640
151721
146782
36749
119053
92891
126327
95741
98521
41212
12753
191095
73231
106407
115540
51015
82552
36348
121161
21071
165999
143382
189138
162125
198591
82485
112100
8923
94591
188978
37770
7322
164405
81194
44296
35200
193232
186402
93766
8548
164413
119945
145899
60700
108273
110884
43959
169517
36163
27675
146738
39554
127889
177656
77824
151963
77452
33744
26550
45732
106740
25537
110428
29734
54830
15232
110985
108808
45772
105386
181868
49686
169013
145475
140046
39461
43483
31562
150495
154503
129816
88839
110810
34554
45495
111506
85232
155856
193375
183733
54465
182593
140017
199691
160108
184264
188607
157994
175866
60090
189749
58584
84588
61351
195013
54215
78432
42233
91548
68535
181646
104555
91682
186899
150839
73292
80329
185990
69864
105528
87977
138286
5843
17880
189585
78919
77305
12313
3723
131405
145565
131717
125934
6758
62925
161139
8231
40544
2013
148002
192819
114408
65243
97924
43977
59400
15292
194347
165245
172673
133017
85901
9066
23926
155464
155420
37970
133254
189193
178217
111960
173297
25021
6566
79478
36954
12841
129615
81601
28713
150290
109083
163518
146366
101138
38681
103903
119851
76579
174542
8886
111891
94910
113824
80622
15604
31320
95628
9958
26098
126453
158569
54759
108041
191631
133469
121721
115152
162336
90778
113569
86522
9154
9261
82387
140862
28164
132280
145848
21138
91379
130773
36211
112981
151446
182358
161700
81906
42706
40462
53808
86353
98608
25014
162670
180426
142809
80101
13683
122315
17180
87901
174561
17322
174482
136537
196368
34751
65047
20312
168366
139911
107187
96914
61712
138205
24125
195988
65092
131558
158337
107514
7475
154943
146141
1368
175243
57686
134531
3827
98913
165822
78977
82881
92463
107132
146646
191624
162856
127452
97463
22007
153377
52988
104980
188167
149685
26557
108425
154927
2226
11327
128282
15606
94682
144660
126923
57067
133060
66211
180751
162416
16148
176890
6133
27023
1937
53014
143859
157474
126750
33776
117642
167195
6422
160891
138819
174459
188219
185424
83549
61072
144957
12218
184346
14358
143252
50628
152133
57444
55245
55945
184563
137964
95480
80213
177344
173803
93164
129334
153583
147614
79555
37740
35145
152584
32594
95421
169549
159937
11297
177075
95642
164064
190895
9647
41519
41428
188587
15420
38208
96965
65392
136777
87876
92416
5970
100408
80700
14199
160425
21312
103416
121038
96431
118620
107100
180900
24076
121268
12957
69072
10082
18578
82566
66791
702
128736
110110
64640
118431
9499
51481
197078
69997
155172
29653
14879
126638
155635
107099
147279
52913
48259
17229
181789
172346
28693
115837
53713
137675
63181
81464
148862
2955
80203
14788
54634
87144
89896
106453
123541
1027
16975
75363
11839
3445
39628
123712
56429
66697
141835
83285
162389
44799
69739
47530
64027
146299
171251
170808
172035
149279
59651
3296
60008
9313
181329
114807
59765
126560
159381
77841
9377
60913
104161
23356
91203
113315
97245
196167
89854
115486
169881
55376
48676
47977
177902
186657
97789
144034
32761
199538
77440
143000
40538
151998
24550
49582
161961
151411
122623
139323
25920
35705
183506
61558
133339
134675
107989
54523
136364
18136
189174
103506
165699
103370
147149
108546
117895
81579
126580
127655
152034
92689
111690
88536
88780
153890
178760
83437
121846
147965
132219
73995
76980
33491
183587
133337
12802
82893
60607
139476
94961
50285
28956
34863
90874
141177
88848
96044
110075
78379
61840
105504
19809
147475
51351
97369
39654
115163
127443
121360
196726
51430
93082
178809
29871
174034
99131
80482
1117
124342
32605
104063
41932
105505
184611
178870
99129
132000
114545
59065
61219
174487
122731
168897
117088
97440
145379
188525
162474
161656
155437
174009
198633
108218
127610
157971
73153
91560
190614
179265
140196
39679
112774
80468
68795
33193
44889
98780
141213
161725
158211
129676
85463
119450
102450
143163
14846
120648
94351
109290
36926
190487
88618
162516
39457
7860
46219
115685
165218
77348
48799
37611
72093
73642
5195
197699
23851
196936
69250
23371
193485
146620
147254
160975
114306
124386
177420
134787
173164
90049
142454
56406
161222
85240
2929
8596
44991
175699
17277
76341
58585
182932
11624
63663
95074
145723
129627
171715
55397
176480
198696
28989
108594
176146
48762
29214
36690
72885
170499
46594
86935
74161
72883
90822
98915
42839
89768
5455
177464
3644
137632
88842
192276
50772
126914
48823
38085
144830
47102
55638
130379
127291
168291
30942
132244
87823
16849
183216
142056
124218
26199
131688
113805
7266
178677
165665
30923
82816
167281
180593
20996
111309
69326
146248
141931
38240
12059
132536
41865
95451
81306
128511
176671
51051
93480
112892
72248
69828
150422
177839
183159
92495
25157
54227
173067
144568
22829
109897
198345
145838
91870
123322
192134
190947
127607
189741
79575
122604
196465
99010
147220
100650
148282
21920
133517
110919
38571
71522
101453
137470
98954
65820
171184
98582
44364
146488
89548
98927
153674
54831
162823
111174
7740
51359
16976
128596
171996
65029
198021
80938
140342
96364
124505
117546
85907
55746
197377
38207
153733
124425
125561
84059
65061
87250
171413
176948
43867
124734
50329
95454
73880
34468
83423
161817
126384
154519
28472
153547
109007
87701
183636
104193
49761
75926
151509
39973
152678
152116
20508
66127
168520
76218
21762
188028
45359
138415
131388
63853
185299
149782
153288
192001
28040
157131
53449
100138
106210
139587
72560
31
126495
103372
12861
15564
73296
23329
15261
80067
105500
16496
176866
26476
121859
66476
84481
141489
172468
182287
104320
155982
35810
186513
84479
177724
188397
191855
148394
156919
117165
83669
122856
82405
135877
96879
76298
86439
14380
83604
162491
28676
184688
147824
188459
170295
101395
61735
47534
27426
156144
140275
2804
163729
72915
152397
193125
160763
6720
175202
117837
1673
35312
104120
124825
80143
10973
114320
85752
76232
173973
63277
193796
105940
132716
143658
40832
109197
5512
186516
72338
192214
78963
80306
163956
13939
134472
153314
109067
69571
149986
61661
133853
121173
145558
73566
43239
72907
88269
126872
134538
102333
85112
106061
116690
175322
155600
50558
110695
179783
109804
25862
153780
117846
157788
3620
135335
145829
129966
184165
170708
47900
138092
136529
177608
134241
178815
11443
185040
197057
57436
199019
21579
34642
26752
145409
39941
146859
150600
142493
161142
112681
197142
160021
190030
177553
30557
154926
11981
93941
194674
122803
72669
72639
13835
46973
129526
125385
37819
129752
101760
163084
43364
158515
30984
177772
87304
70870
81527
154489
39165
186322
73733
128997
184343
21666
164520
53829
127205
180548
98028
76362
110623
198349
160630
174082
61694
122138
2066
99346
25799
29264
163016
82394
153143
11951
8062
41384
1152
31773
26640
193936
91641
49783
108520
198588
119685
176316
39812
164836
69386
58463
46199
71763
176665
5555
109450
4866
92177
42519
121638
6121
8625
107360
9640
136126
555
180754
58415
118181
71799
97103
59479
65841
33350
160982
188135
58934
168503
61308
134612
80190
153450
52882
73266
156490
56796
104317
157469
60265
146380
131453
151724
16829
196532
108484
54705
146904
134352
196189
63475
39817
49342
34498
197798
167537
23157
85011
172798
79126
63579
87443
22517
25692
45810
135255
33475
23743
127972
13604
182920
150045
84453
402
107373
103159
147583
9733
171825
177354
138922
107309
119126
177929
5207
79615
101493
142120
62422
158867
62370
12562
196836
140843
138850
10974
62018
62002
115359
187181
108616
87067
97693
146363
121374
42620
29481
32061
101593
123086
33870
142299
156703
164373
13530
59111
15366
146860
124641
51140
174570
38741
17538
103434
93011
190439
82966
155004
37587
73906
32414
176769
150976
115724
119466
82141
22077
19916
13654
134334
169072
126468
186777
113694
107001
24698
142621
118032
49027
28731
88435
176649
146340
91845
188278
151414
106972
178301
166337
65423
39266
51611
189262
9547
13893
53504
124115
42071
74250
78558
186876
10734
9257
86007
29084
103381
20338
8919
715
70717
142359
90871
191385
152621
60392
192626
114139
98254
122364
126219
100830
104075
57183
117585
138274
112145
128615
70068
112126
42563
59630
80576
52452
18620
83967
154832
8671
15178
79204
106919
1518
104165
64013
93573
166651
172246
96860
79375
88565
171110
28575
37308
100306
74520
3022
145453
8310
27338
81537
35140
118415
38433
96562
171830
171927
32904
46525
13040
39238
73248
13495
31990
35887
167377
3082
45958
123733
48545
164015
131939
139307
118129
121644
182822
28359
21576
33395
144474
5524
146603
110806
75
122849
160598
199754
95374
86806
195905
11513
133788
118276
106455
122798
121204
162259
51371
190535
96607
196037
185326
189521
132451
3317
144654
52700
191881
161162
90777
35363
168250
175381
18266
104137
117558
148933
156486
90132
112599
6170
86134
163362
112428
103068
78469
24147
74228
105275
198553
193958
36659
33882
70947
185725
28950
17824
40286
66790
51022
199370
92560
178421
126977
194212
125365
117193
30519
33292
66407
114196
80057
70333
29800
84545
51665
191933
91966
52446
48153
73640
20137
110404
181253
170002
28711
72059
172032
198284
61192
166980
15924
99269
69533
180566
54642
36256
145991
12928
198059
105642
93832
59105
186722
90866
87252
9585
96108
3595
70165
26602
15289
128065
175452
28593
50545
120551
134483
28412
119742
78413
114585
118808
136496
179519
167843
108309
45385
108714
144349
132166
78786
109912
101619
42274
108642
47426
36421
108359
80673
135724
20932
180102
132129
41658
155672
159536
140454
179386
70273
138693
178134
184058
167403
157998
4537
102008
48810
87992
165764
87193
35177
139689
140308
13904
188540
153592
192555
196791
26973
115189
36046
9509
128854
35126
80743
33595
101178
185998
46664
104266
117749
41771
168036
178968
28683
186259
307
174621
152592
184941
195969
196085
11712
177559
114607
133074
59173
144725
141266
192094
107062
132345
21010
61414
30847
67257
183378
147570
174836
101987
164552
126851
171577
160825
16484
158117
51876
71880
28097
140598
82803
16149
68216
75865
66907
84255
181537
116871
27306
119788
66600
143069
186351
139977
176902
24696
18205
92085
65561
196456
198963
84370
122851
103489
52039
19207
31836
180920
99619
14951
75840
135903
176978
21801
22550
91170
170757
11663
104735
53355
58592
16096
43817
65930
59292
55313
61658
117906
129192
13014
65562
135560
62289
52569
114621
24295
51966
68529
192250
195859
64933
56426
11740
106672
7391
164753
144353
19396
86648
122392
187169
45227
114104
59466
133460
176323
160974
25940
161737
96059
133593
157755
36213
53265
130625
31656
38817
7070
187774
110003
82094
197989
90462
68319
115281
55289
187487
113420
187410
63291
87872
86861
135550
190310
103411
148202
95618
58536
157838
155674
40197
68434
141557
188900
105758
110439
191243
105345
5926
51916
115474
187033
154822
141619
62126
147408
186853
22742
15839
168103
11608
145557
108866
3047
89538
41872
166903
36985
45247
28773
91240
189577
30593
188483
99165
81027
132855
46940
140127
52431
194368
170780
191237
135775
7538
19991
180686
2884
56922
22137
187727
24146
173606
72412
30781
11684
56369
190702
171809
30160
144747
64102
173654
136592
101399
62671
66041
7298
92458
174473
59444
135136
191250
71480
79955
150351
22252
100825
108930
149440
42314
71910
167276
131637
39033
128791
72078
63732
164824
91398
26423
165505
171669
52941
57530
37425
23192
170350
135285
188280
2429
158912
105318
33545
80465
68480
123319
130908
158427
144126
103565
146428
195209
179848
141334
121775
87523
14958
25789
81377
177262
114057
130633
57683
38350
65851
98939
156735
49990
83480
136957
35923
138326
118495
37512
187905
82833
75207
120054
75103
9286
86490
181705
6777
174344
15003
155328
61690
176441
98507
55031
94405
31531
172762
2623
86756
129849
68676
72624
131457
16719
108541
110622
124250
52641
162762
142193
139948
112826
181582
179510
190998
173750
143236
172304
51054
143112
15307
182167
30568
44609
58364
11956
41664
37275
183737
183063
79501
38648
48209
197958
124678
25906
102714
89527
48062
49978
64219
192743
189917
116981
143204
17223
53149
14363
51946
167203
27074
130296
54156
46456
183535
155899
89592
100614
123831
119644
157839
184057
343
144639
110505
74196
34714
81345
141180
193585
128570
177785
46811
175282
165997
11354
84390
129347
164389
24228
121518
103385
70766
103431
140537
136069
35649
14403
63705
4946
142857
133852
136202
113857
83436
8616
53954
90739
95251
130294
46926
145154
60690
47998
98857
195504
176119
44600
62483
162921
59251
113637
34261
149845
6335
130345
155187
55252
5634
90730
127633
9589
50303
189156
81657
154235
91233
131734
191990
95142
54009
129299
139787
179716
25729
176180
173339
171963
153393
57359
132867
25704
197516
167789
118425
189471
148336
12813
83099
136267
89207
59649
128807
94277
1718
10675
141529
77478
5530
191887
6929
129126
83768
171052
133068
47029
159484
120691
199063
2582
154158
12072
35345
30487
96749
730
28099
90883
29242
65117
68870
14553
67493
19195
22349
147774
140577
188552
775
148396
49237
63253
40652
171016
75362
188811
142615
27395
102547
186962
52131
95860
123763
181627
10069
9947
100899
189896
53949
96657
157429
57358
10668
128617
11605
169718
1760
31429
107494
198127
111346
140674
3760
35845
95787
79601
154319
94639
2702
8478
198629
44775
112162
130221
127290
196131
76156
154818
149824
143431
50953
197032
43651
25986
164654
100806
10285
29517
107170
134445
130037
85338
100158
98025
50157
3275
159917
26838
140805
16881
48486
101840
121563
198705
133682
157052
133676
140696
125843
17584
8699
146715
117735
151401
31268
12051
144451
45199
95728
17346
135809
73615
114618
153593
169685
143107
185800
59635
195059
199929
85920
81437
25712
98926
122585
123411
39797
137233
128932
139931
71371
191573
64123
132595
94031
167421
190833
133656
39292
147738
193827
187531
28064
414
49277
86314
1747
75901
169175
122145
185565
147735
197728
108917
104742
23194
50504
100177
128357
79320
105050
142173
122708
27373
190374
35832
13166
143778
126523
164596
160466
8297
82412
91804
126467
35559
118389
136894
12470
77247
166411
175140
31073
136763
91512
123215
4097
858
183972
149056
85723
134198
82746
197842
152706
126244
68004
130865
24441
60762
180649
195717
6677
45285
58445
185755
58308
2631
102134
104915
150131
141647
171749
178159
100909
157584
4719
46974
182247
193769
66645
139077
62702
49411
151269
142172
124170
72808
171651
28276
195600
183205
32946
198464
30400
187957
165669
25931
171433
143166
24252
63603
71446
186094
167459
39463
161378
140720
177338
98516
109289
55152
195563
74586
74826
136483
59068
103563
177904
193036
84709
178495
183523
158437
108662
75134
148459
149600
16691
41919
164219
12010
103383
100226
57265
156565
70168
117036
104970
73184
115456
75573
246
11477
97953
71953
161539
44095
194662
60223
1539
94662
96622
162093
109379
167443
151027
170819
186461
172730
150690
20035
34976
115808
146935
147273
199219
165213
58205
11814
194590
192600
1884
28543
21781
75554
117498
150256
161005
8838
14735
44839
72264
93260
43614
67487
75402
115676
4937
104606
42416
178192
41645
85854
79336
182724
11021
147732
175205
72325
151778
52204
132888
152347
2375
29233
121037
50800
192097
147898
9293
94967
104724
154611
45418
76852
118878
64316
155049
125038
75400
96789
18846
35482
36892
12345
180140
156148
76474
91816
13364
39066
85122
123282
112882
97259
196613
41823
152123
127918
81849
13637
99699
109975
112398
171625
62296
199161
138137
72183
76264
162220
142369
167168
8782
55730
81555
131446
187488
48472
140582
69473
47454
102108
110300
165664
136639
123467
21813
22296
57701
43201
113633
30229
41532
86289
30423
83736
52966
98442
62283
148356
190764
142964
53393
131618
89236
108570
101783
111527
1852
163090
11969
182328
163988
129761
17512
20129
194290
108734
130124
15747
171111
31138
56352
143578
62676
43262
167972
33115
54356
64528
176490
41739
139843
21587
29682
71810
115887
69315
74789
119026
165324
21391
121735
183844
76900
14187
188139
82106
198357
104017
106498
186503
94248
122200
94962
139824
57031
145472
20930
178978
184027
76941
83101
180496
37712
49962
79175
190828
30815
24400
2176
174077
38672
4311
187436
189528
151570
4134
126479
198806
121210
103888
164750
72564
125746
124639
110099
181540
148793
75920
89948
27436
187467
87226
149298
120621
29851
141753
166500
120544
199005
61194
132347
47354
179458
13461
196612
35977
128389
139742
26878
164964
167693
5338
143226
99480
189077
156694
23140
19334
35976
18811
100001
13766
100989
165111
25125
40316
88477
36915
148977
116215
160125
149672
32886
59265
77150
71958
30202
119703
135105
132023
139540
41847
9176
176090
17085
55552
34421
173719
134758
199484
139411
117856
63692
24448
65217
133888
115970
182509
64648
18809
72245
91025
119129
171790
154076
193930
25319
68734
122049
113722
26707
147255
87499
105218
114919
185672
128258
85220
64963
64785
160893
87869
9063
156946
8290
154833
61786
36266
109933
120129
168551
183377
126528
91953
148046
115356
195921
83191
35806
166310
30590
195322
69786
146578
