196769
197962
20987
90286
137510
64081
35630
144401
152633
125392
93800
195654
41429
70862
71438
68750
4100
162463
140081
113712
115475
158212
122807
180588
118244
150123
109599
170106
48753
145821
176793
30072
164620
111357
134254
154801
196577
147856
111516
139259
162591
65527
163991
71966
35002
61181
30981
143634
107265
25155
83121
172146
78680
42808
93937
92890
19464
165408
9065
83997
45390
116474
23897
40357
438
161713
93896
85048
113043
105006
42556
88352
54335
132518
152062
116586
148017
17425
87487
190041
78147
77641
5088
164365
101008
70745
22503
168482
139203
194172
167720
109404
1122
48450
125813
108114
73825
134417
23515
32908
45908
44888
9917
58354
65575
47585
198195
110900
18839
183031
67136
152414
134694
48379
131117
10376
1983
168466
49243
161103
162834
123242
33641
93647
31595
8151
70495
116986
63213
49184
93481
174194
21609
132728
97094
96576
38802
194852
33986
108097
106802
182990
163765
38685
6398
165384
55941
77018
83404
20163
182018
142062
171208
176688
21404
102064
157427
47046
189283
24946
20721
1034
158234
105918
36084
133400
104304
95256
86018
32413
77483
150959
50449
20719
42460
100711
14109
181796
121790
147179
29303
89005
120171
109198
50736
169228
68019
136606
185206
178764
176959
25423
146090
73403
198848
93107
41971
150843
123799
176504
118710
193775
167781
156238
27749
86324
154497
112349
156129
142124
192883
159259
159020
195117
106032
141167
88898
93844
131743
57250
139198
15990
99667
174164
53745
33781
137763
121990
31554
136057
120000
102817
172135
140409
29791
68902
155099
165608
138392
165821
132230
65924
80470
3603
129880
53294
197954
109447
102258
119828
196182
96184
162450
132954
113035
9980
149366
184657
41427
195983
177325
2331
3840
191795
134769
36529
77814
192406
85883
69641
6216
4340
61983
32795
192530
80805
106259
74055
44322
160483
146046
107243
95307
46990
150895
36423
81196
107855
17205
139811
59169
136455
126525
172543
199587
181575
38497
67826
25193
109177
84789
9118
27838
191014
79744
186974
173298
124102
166044
178373
131342
80132
104180
195436
159331
161892
164822
130326
145358
184513
86372
21995
5333
34773
153782
160315
25094
22394
129378
148381
36575
70815
110086
55101
46483
168109
141149
117722
133768
80578
8334
160868
95151
8380
113468
35141
2706
152342
112582
85523
145716
181800
78373
156710
31655
97539
27047
167709
74293
103829
21080
108623
39057
88844
162545
123333
73876
8390
135997
195951
102576
152869
6650
83278
127629
133595
148942
181361
52682
55521
41671
126639
149745
153619
66846
10207
142729
159143
135685
59648
167442
93732
49129
188288
183851
175813
31011
49453
8125
93463
135197
62537
102744
64434
38043
97856
189803
112987
128496
89262
124855
173076
141001
198931
6176
58322
27507
191863
125440
198415
58448
36425
28415
141720
91958
26761
130620
130077
76797
181280
155827
60281
37884
20720
77134
44812
35712
112890
43545
13276
185313
105023
157487
148583
16279
26376
146098
58077
187122
17361
77971
131101
176443
40031
140181
198015
192416
125013
85123
159992
117207
165576
72980
177385
146752
168352
130690
190445
24730
58620
132041
113972
41705
22748
18034
40633
11576
123516
86732
46573
182889
184844
153050
169839
122185
105430
96082
183666
152391
61816
159718
167596
163763
25535
72112
197084
84492
93358
68899
115583
181852
183351
171093
32819
32372
81696
196519
10697
142167
36093
10527
91211
153363
61965
89030
197868
132165
23287
186144
123697
68415
40748
117605
185053
82164
53524
80492
168070
101096
88319
152047
121158
60500
80966
15270
26261
11748
78165
172015
136970
37559
65479
51492
117867
172389
37172
172860
126305
181798
178348
190424
194306
145866
87935
81470
91982
20082
101665
46111
34859
9217
21449
60048
101061
129247
192267
81990
98026
39572
122398
4003
133442
188412
48641
70326
37319
6148
64850
182516
190804
12821
5988
123085
22736
123469
168825
115342
184255
46867
101661
148400
12236
121201
32174
133890
50688
58506
165444
158400
149334
99386
62491
25256
131650
140776
51195
8676
71330
189926
134283
78772
3100
147674
2016
107114
77371
132159
170699
64690
65471
73569
162728
55180
10948
111899
195047
46134
117742
44180
124461
183830
109938
174903
85314
88586
41689
61608
149863
54244
155966
29831
88032
114940
60632
33328
90509
62003
47293
53096
110984
156421
181866
163945
84501
2894
144103
89809
192699
110755
104163
77034
128672
156449
127316
173784
103716
108871
14935
44695
15433
104623
195438
131511
82339
194511
93874
52829
73849
127453
180869
80530
134941
129052
60633
155773
119565
17759
147652
161216
29534
97748
50187
161074
26529
63092
1940
138542
22827
4886
112994
12773
169181
107603
11925
18746
33060
45412
155829
131698
44676
178195
173251
164164
146497
88700
53996
70792
105760
7761
136629
75083
141689
140835
167575
83995
88484
140084
26618
120935
58787
73312
78048
28221
133012
136874
131312
178919
172367
128858
67247
118959
35136
42006
24523
11938
55807
14934
175925
30184
56035
5504
28430
159121
99727
155846
108212
155452
120345
127105
128427
49742
155041
151134
42127
103255
182253
42060
20569
166426
181122
134033
173426
194843
114271
54018
174448
60674
64522
103832
163913
105210
10791
94526
83811
136159
125773
196263
192319
61210
65973
98505
95080
59657
134323
26417
26019
177560
128184
69546
157990
100610
78551
33132
72429
8678
3346
139764
48627
126409
104479
18837
136097
177094
193871
6103
124364
24118
59442
194810
181717
36966
66343
46445
54328
7461
8373
35338
1609
123757
10863
65995
182296
110609
180122
112515
184440
72280
104306
60175
105708
131527
83298
29755
53911
188510
118210
194709
117024
118796
151597
116458
14482
169001
127924
157730
150252
121722
116387
141260
83645
185688
67998
85073
86725
199957
42951
195880
143194
55181
154202
77038
2042
44522
54023
6576
16380
97156
184682
42703
62843
120541
146550
58908
157153
150170
25669
82085
193764
334
152301
176949
83818
105317
90203
66302
45626
3788
22282
73488
147407
85149
97186
91234
5310
183603
161528
148684
25817
23633
142485
111561
74341
99357
169686
92604
91454
139805
121278
132962
30153
83041
150703
72362
125662
197469
40242
162313
109098
74502
31604
113884
31760
137852
110799
173288
145722
10067
81259
21418
114714
181978
172382
111132
193887
15832
166213
6066
159599
98251
138835
9779
161578
126339
95960
83142
60130
10735
176821
101994
27912
111482
192635
25750
144263
135009
114459
104879
145018
138232
86975
59934
30479
34455
170409
131888
29088
77647
8766
34381
136266
38322
96936
150335
153396
181328
98087
101835
176881
135791
163420
97391
130311
25889
25822
28838
32390
136175
141125
184784
79018
49164
181648
54481
78718
189529
167045
7394
19245
97321
13411
41331
138995
32379
188518
175855
39571
97106
51211
90490
27511
61233
97908
43333
129854
139556
135319
29217
159313
73909
124261
106773
10106
163664
132528
94653
167712
24920
149087
52030
89079
196045
82776
84160
71793
2155
171478
107744
8262
43075
60290
34683
66288
13354
194222
64042
100380
131213
175610
130540
58079
138925
108724
190110
125627
139120
138352
104480
159002
89984
187352
60644
29867
197578
70111
20178
27757
17239
156109
54085
103976
11609
103305
174953
8124
112500
77862
139708
111359
180554
8094
117512
122562
131759
8512
44309
111635
55633
170936
161953
182074
95146
40400
118230
140607
22182
87319
173866
189389
127115
87302
188456
33665
10508
10279
193895
4312
111683
163824
6669
153138
62863
128076
83478
30767
175907
118178
101277
17193
8900
104948
191541
175832
119307
15636
165931
4369
68323
123415
75188
85917
156664
131907
188369
125766
111477
126456
18192
12240
186242
157264
114690
54288
17154
158600
109168
162870
176636
69479
28137
188484
150052
81349
174602
131581
69497
104564
191305
179915
34542
193755
178803
175039
69733
103009
74886
182484
61519
1350
103934
129651
194334
76724
122104
180481
68875
8501
186303
169982
177388
87032
27384
166000
74641
143687
171056
102962
114711
10583
21214
181995
87129
173964
149318
163679
110006
81962
83169
85946
74848
177745
158777
30305
40152
122490
60756
84222
144360
176686
31960
38739
69723
24047
47303
2699
143774
49154
91281
67917
1787
699
66563
168379
108765
193103
110795
140749
48445
150157
65245
141303
148161
186541
115201
101158
27014
108173
143299
195174
10050
193528
79399
109953
198053
133429
123568
100294
168970
121479
147745
112557
56640
152259
127283
150221
183960
100182
136602
108827
48313
29975
117989
109603
109207
41054
4709
19375
114892
171180
91174
126686
156611
3908
197249
100183
45458
182012
78799
130137
130167
105144
125961
106989
136708
65481
153923
21822
58527
165141
197168
60291
3643
147780
83797
135890
120871
105077
136261
79255
190544
61801
23001
108507
180113
29199
130707
140622
45405
7318
155943
110621
27556
13337
119448
8283
26307
57112
122385
101461
189793
90983
28565
25617
88103
18959
119874
76695
174620
170882
122099
58213
955
6151
177512
149922
175690
102736
93451
185511
39650
186384
85780
110534
121216
11657
156009
3163
59811
80300
120848
153562
118817
110117
153444
66414
3555
110588
160620
145970
118362
188774
94367
140522
168666
44124
122921
92124
18903
80039
188346
59924
104030
169612
58399
185224
105134
109405
31076
131702
60041
125545
42027
145661
71402
19889
11002
17869
142387
19253
180921
179657
93115
100947
86378
108890
118049
42659
134058
147271
162529
90492
175160
149095
68433
19258
82598
88362
114220
33843
156602
117957
109265
89778
59337
22363
136169
143262
116252
81847
153423
1047
166464
75646
27400
14925
96339
84362
58094
86352
43883
32689
20474
43698
20536
133915
70661
195567
105773
185497
100444
158250
85689
124313
114040
112037
186130
62331
95405
191263
92718
85434
23972
128160
13038
101169
112136
147669
186418
138405
43389
52184
86875
194628
94948
17046
12668
147073
78142
35350
1663
127024
19452
69868
170226
73413
126030
112380
76089
92448
192000
107007
65139
110549
39
23674
14247
154780
158542
40139
112153
86706
125159
75198
11023
86123
106015
75014
21486
124907
108617
177225
154543
113386
18597
92239
9106
165534
168066
89184
193265
171932
166851
165785
11191
89300
3139
114063
44428
193905
119459
53362
109063
74496
144129
17400
130939
110441
165377
103834
35989
39968
13642
158557
195406
123482
7999
112092
187279
33642
31511
97315
79813
70339
6027
180618
123306
38114
176218
136064
23691
55349
33560
83146
190307
197243
35695
50076
141997
7393
112372
196543
69884
48439
112713
190294
26272
183484
114815
120879
5481
63330
47000
109272
23305
19915
113190
102699
180344
67783
143437
94636
38570
101000
26843
116821
86736
761
140418
55432
85420
190788
174862
170592
140341
58840
155501
18770
172227
6989
171614
44945
94765
2935
78888
150710
187629
18710
75406
156284
147454
110741
56344
4569
21099
150169
184348
99661
193597
21747
174770
14245
87080
19283
114646
35385
58537
151958
118790
114444
47922
120448
74828
92942
177045
43256
79756
164497
162119
127079
109078
9501
191057
125861
35825
199886
77344
36223
138119
85438
166364
20047
140801
101668
16070
105818
86170
125483
4355
189632
103208
167048
34332
170225
197991
13837
133489
21341
145385
15737
50477
15249
51225
149386
7555
99618
160553
3800
103010
44312
85176
150046
146039
42417
123989
94841
172534
68005
138506
38420
69462
156379
30049
46507
15296
28274
127103
52159
154632
112295
72585
199792
168594
127821
150985
21450
100372
68473
199209
181044
165305
192938
80339
45467
117886
9388
38023
84151
182640
110558
188126
137111
23545
62954
154073
33438
46666
117804
137514
160002
89
84925
180809
1531
80907
47177
145664
92535
44537
89595
71623
1808
31965
14963
78877
76177
119510
4250
159915
197109
36341
65321
60940
28500
183060
52807
96100
18172
146846
78882
177688
118598
29720
185037
15067
93023
147309
18416
159439
129931
77880
76925
53170
108782
138653
83819
64401
33447
81830
58818
94029
61152
102237
59523
123052
18958
166071
37
116472
155426
52608
136284
5715
93139
140966
115181
153761
85665
49425
44648
158987
176005
65429
91401
76199
129805
62978
164345
53192
130419
63637
81066
48636
143992
65365
15721
60631
60749
5235
160260
121064
184506
102149
116439
190588
6050
181626
71731
25493
148427
84326
163118
195926
61195
95661
66866
164293
126536
165432
84808
69943
80200
69047
4409
92813
80243
46333
181411
19458
68013
136757
124745
31780
11634
114391
157704
63820
23435
180550
20186
111776
54546
188270
154977
77530
10145
74584
38980
10352
133946
70547
102706
180801
6637
164149
177498
185795
28308
99946
165909
50725
37518
78
100474
184639
58838
84456
99719
52997
22205
5461
3325
195555
116035
103997
166544
139891
7149
190570
17795
61019
176155
179562
83214
128227
34864
29870
185210
169040
132271
184698
70487
182708
98163
121787
163994
111742
185008
58116
165709
114499
122617
110246
94205
180235
44304
96934
26118
51058
28629
16990
53297
63574
179955
2607
167509
156498
105633
40683
8340
131720
52313
125806
12788
106141
100692
108575
80500
103336
127656
107651
129656
115193
51756
29213
177065
98839
89533
193108
142504
5052
176337
68922
126160
47969
65625
59099
129899
139492
170257
67365
104365
158676
63482
81876
190689
148634
32673
16860
30972
41860
170821
165544
93669
187895
97431
168065
10890
6869
28765
19611
54251
62135
50974
120284
199263
81587
142181
103429
107961
125473
45336
89478
52716
196955
21264
73882
84951
98504
84050
186956
119558
61827
5307
56403
27975
69369
136718
6313
179898
56847
56597
35572
59468
129323
52044
64500
120631
121405
40997
26035
15214
15071
57332
192360
2352
92300
68547
63216
94295
171912
32876
149329
87481
18672
94945
56606
92181
46916
141778
125173
72694
62821
69636
158631
161546
61225
46508
112670
174535
95721
37691
169082
13214
23792
144422
59942
1523
146693
20816
111551
143636
115797
20156
163472
15914
44412
107641
14385
75808
179648
58053
29136
88675
73044
5442
115320
65864
39953
63481
3440
67355
199414
177610
43973
5989
34451
184615
133316
179269
172447
64519
151717
170531
131477
189456
92866
16616
166055
148116
94716
171039
129288
11231
194414
176153
198375
118239
131634
79745
167745
80282
90215
176530
35799
62944
46221
60376
34508
139770
99315
112232
147833
76408
88504
41216
41547
109783
199374
176060
135393
8903
33902
106770
66396
133327
151554
89219
5704
25433
84989
25728
123313
23463
121244
158878
126333
35714
91207
2989
124203
198398
109249
151670
170124
168530
142547
152761
154588
110988
83470
44345
172317
199317
36118
25432
136730
145593
159845
62666
122958
155618
180059
718
140475
95013
41599
3520
14445
45661
150488
195226
162755
29891
152426
152664
85983
121955
35780
187308
36060
186911
183815
15937
38295
131592
124890
155978
95039
112537
151431
181539
169033
164980
175443
197173
185892
116208
74277
58154
22704
3961
51293
151089
50876
60702
161033
117928
16883
95886
143494
34437
183087
179972
132014
165911
152742
79559
109268
21153
6911
179604
1234
136121
63842
45826
113693
114515
125202
176708
169238
166656
143130
162075
116435
59936
112082
143093
80152
6718
174897
158452
80566
19019
70398
97634
25559
179755
39188
101909
27336
161132
115044
2754
139050
119483
121535
3654
90006
113244
193086
143593
103747
146165
87863
63501
127337
129734
38911
25768
88746
197607
75181
162288
65614
83609
1976
83016
79609
73059
53328
159490
126178
148044
49514
152643
148653
15946
40877
127040
63478
155938
91781
7922
185247
181174
109018
62449
88330
97938
21982
9372
119044
50135
122470
46703
14094
143747
150063
150401
140029
150701
39966
195929
100456
120439
92831
126567
145250
159692
8160
65315
159281
47052
112347
93021
16296
185927
194688
54638
54969
133083
116815
148673
53850
198408
112746
70481
16671
11646
175316
3495
73002
18670
50873
176120
12044
184609
8399
110518
181541
129985
125219
44693
52863
196874
58155
99458
60729
8135
102673
12509
193629
78672
14031
148422
170744
115891
120425
153827
39578
37502
104932
140130
64985
102198
88350
121514
92133
163396
40312
74680
128412
22391
53493
34526
72528
57244
50062
81462
128721
162819
198288
127952
68664
167465
111332
104343
83649
33555
33792
127575
141872
121713
163062
19297
69351
24992
169448
173451
121833
120208
322
198676
48531
11478
177595
147961
141105
176541
189212
186558
4679
104003
133777
80594
133855
125844
142376
167076
44031
30178
103883
112542
163776
29665
19429
31026
38092
162082
14556
106420
98978
191037
1764
10814
141448
178581
61010
112685
190585
28075
42378
91149
39193
153571
91649
146381
185126
174923
79484
157916
60647
168786
168361
195072
48963
34907
60662
185823
166328
69375
7678
164310
86091
10215
107947
135401
63840
123889
178682
67554
33754
31074
179520
119728
195968
181282
184191
42007
40905
95490
103000
110293
56208
58597
170184
142415
183702
158743
99494
11932
138561
55526
28529
120255
102427
109905
173385
37248
120921
76896
163534
11059
17397
75650
138254
88412
195282
169167
29316
185234
14981
25479
155810
132338
190327
111869
44876
151987
155718
50631
48773
138292
33362
190669
102480
146193
28955
62113
48832
158713
171054
157824
169012
175722
166927
42638
34010
196458
146791
58627
116971
178440
73391
96765
133562
86880
67745
95111
20637
1438
39322
117958
198505
16127
42940
97206
16660
52374
22877
24089
184729
190649
38857
110616
76442
80018
56267
101326
108789
50233
76297
14709
144605
47063
170506
69939
102795
81863
127681
22926
6302
46499
160187
128215
39084
69414
49983
47009
169826
161063
130854
32220
27335
78599
53755
35454
114888
65912
17522
180718
168142
40291
138310
147942
163591
155596
95584
48818
107336
139810
59140
117378
50280
26050
146796
4488
83291
38407
69543
138073
110821
104963
64438
155095
84721
198856
190344
145326
137219
169365
94377
143027
3151
137771
137688
73521
90858
158092
96720
182266
12394
137266
23796
171353
180626
119476
91479
106961
19179
76117
197460
78701
67117
192516
164576
114623
129221
53313
194751
154097
82490
106710
105288
112448
85229
35322
46517
34829
174435
22404
198571
142461
46982
111267
86719
59525
190057
82208
17927
91736
10264
39113
94753
145079
115057
148919
175430
182832
144397
141248
12439
93342
135043
156925
148875
116711
138148
129108
133001
56413
67966
108182
186714
33293
7973
172874
183978
8654
135216
178163
135323
52050
194528
1328
102995
33083
187789
151353
35584
101935
18001
38760
154764
155694
161281
177446
42777
3552
39610
56190
11583
185398
14565
144297
78011
58196
190243
100728
192759
77027
66676
157214
169775
6531
124074
143254
91757
117114
54832
146698
133375
143466
25026
48700
157196
100922
88871
14352
186597
141867
9515
168384
163716
18099
50422
153679
119414
186530
156080
106986
130073
134574
26912
62388
83546
45472
83904
44965
93460
159678
112974
81991
15771
17483
143571
44972
100467
137897
174742
2251
152411
130325
137419
174660
136438
118248
139966
67298
141817
45479
155032
14822
16073
73720
48919
41122
18521
10738
195211
189084
67739
154184
45497
122718
10407
142911
78739
40405
71974
101325
193247
141920
50499
111111
12646
134389
65240
28119
112788
59359
190541
117518
142382
36152
5379
159574
27864
77277
116701
173857
32296
42971
47624
132574
62081
963
43130
143650
4519
7232
116264
198181
40505
141628
18993
92338
140547
121920
20557
130448
61757
114956
194609
44101
170252
171280
150286
2883
10365
70406
158962
40952
18763
70219
87244
193173
94800
145851
54259
178831
37642
38633
65704
127802
122995
119043
40275
94241
33633
37626
111555
73756
109019
105302
147519
198560
109194
134849
95452
52736
164317
74770
13131
75830
148679
85356
137983
79202
158544
83302
9863
199101
162862
22535
69749
136263
10212
142628
189516
40509
85785
7976
179378
49119
11849
195595
112612
165098
170196
65671
54203
51434
24738
133397
104315
115233
8252
41088
79249
141400
186752
60368
131222
115662
160318
80323
175405
40976
156975
124948
72813
199082
57004
150914
24807
128812
178266
24176
39464
199701
177359
114324
122840
192943
53927
136037
371
193291
147101
63593
145618
66772
2307
119071
12194
5925
40820
169216
158945
180387
187325
127118
36911
94587
24294
153596
49229
166483
84986
12939
20096
67032
2243
176049
120977
193000
148255
29309
151425
3073
52145
115119
159955
128217
87588
157523
150227
8692
128846
161778
168922
170083
122178
177241
137301
36457
95407
47224
22815
46972
26683
112999
74197
85181
187581
95196
158359
99011
109231
148108
13444
133551
14002
67036
111921
123981
180500
102900
45148
37208
25615
116031
100679
114122
24695
1507
33382
105799
184452
79628
20000
84274
54679
118581
20981
149324
35042
9975
158946
46393
103323
170613
26913
192861
117238
53539
12565
4616
40752
161780
130639
130725
169196
54587
66665
161907
21725
92153
44766
65529
180001
40502
191215
159007
35124
57333
30668
122115
104403
164653
125954
34018
45524
13815
101376
80588
26066
89610
17832
156384
273
188885
191764
92675
72854
54516
81171
164744
3613
138135
169390
30042
107490
155550
14077
166401
137240
31067
55213
175375
196406
14271
105729
179715
155299
98892
108286
109044
184810
38131
75703
103797
36317
34221
42846
58284
12466
89635
21032
174035
136662
124577
7671
185265
7658
153951
187684
117191
8321
128506
100257
81380
126310
26007
153193
129957
126417
65918
194786
186293
57967
119187
129547
130887
140919
91721
132889
137394
4609
149264
155084
48834
56929
96652
119936
27717
42121
83083
72581
149644
112365
2628
145190
144115
85168
164435
52289
171009
154863
188726
122032
118832
139107
11278
26463
148779
85980
73236
88339
138318
73038
144248
66638
154724
158745
116451
184840
14626
104328
195071
169100
178558
120378
144017
125703
198693
11796
143087
102840
144197
30307
16890
88978
35562
3028
88894
144435
35491
181825
35607
69167
161807
9470
75302
180923
85531
34860
21679
46993
6786
199983
155929
109017
98592
102277
23067
135347
98440
19613
150143
38336
89828
67840
67797
43694
194950
45453
159990
97607
71979
159545
160454
141600
95259
147218
44340
25863
66661
115375
180961
175616
62026
121398
1730
98993
55461
197230
104045
38890
195444
117182
107604
47990
80238
39707
28365
104770
10103
136370
14268
177287
156101
19200
154999
94350
128058
22637
110440
8774
89608
145050
114154
106486
53241
53618
33287
16307
113289
174698
19677
90172
53736
177405
54220
73994
87578
101152
185923
169872
96071
32024
85193
20287
189534
182390
193100
142259
102697
83838
54503
42181
66822
20448
13383
128632
198427
77378
72635
41556
184598
139417
128936
115305
129782
74785
72404
9141
153859
12912
168890
132717
69501
23684
119494
91395
141237
49426
2668
29569
37382
115591
78620
175364
165186
3698
8058
48466
128216
141150
102716
137886
25383
113188
1836
73806
156544
198149
27694
108838
177736
105943
37185
47993
65763
110560
100022
171827
174687
92728
17363
37685
67120
169700
64484
107569
31921
191936
11064
96750
110264
178812
622
179779
162303
11790
176925
64006
10472
149825
107357
75497
64514
81765
141944
159558
87346
4941
75138
156889
3802
192145
177403
166295
153285
159418
95634
199049
157500
53806
162927
51074
139988
43503
134138
106342
117634
188819
28211
56788
170003
150439
43376
119842
69936
148760
8093
41701
185770
79569
157736
156161
23600
143717
104023
46142
89639
196937
76505
35266
112121
57461
13196
175638
135584
21537
10784
132207
25779
16368
13934
3129
70513
89988
89970
111148
59845
20368
58753
22091
27089
51366
39257
88317
187730
175944
139731
193131
23046
88438
50754
191592
132376
136089
10539
180067
170523
73860
137803
118347
48955
12868
106549
54576
160879
178342
135479
33385
6513
26791
63657
160612
36189
140355
171732
49218
138635
141104
76834
96214
16525
153857
117362
102374
105741
127995
190930
185829
82689
123417
81312
170582
142763
39899
151214
53552
81072
108062
40272
47146
188286
12899
43721
80798
89958
5828
5619
151447
182265
65997
179920
94098
38983
123508
158453
83887
92724
53673
11859
169007
67289
189256
130121
42988
88233
118496
176012
151187
118638
76859
83739
18415
58927
125797
35878
53643
181375
160961
150890
149827
37510
60201
53
186347
66515
20994
187542
146981
82522
46514
70531
51765
18656
123824
126575
110177
33041
69146
119397
23500
159755
128146
191998
61570
96232
172951
154814
124377
2020
131137
165794
182954
135537
156949
110675
91295
121865
17374
55117
163658
33470
5344
158811
165635
38348
172026
146554
17132
67606
171689
180677
179452
42966
71374
138607
68269
116047
113703
1381
176974
110195
186875
60146
146152
85641
104281
195297
70184
85299
168791
28594
76220
104013
27898
30264
52995
16171
148450
155854
128582
126159
52977
127873
199863
62685
182485
94882
88096
109796
45284
15703
98152
27057
120130
151493
151497
67784
14196
74381
56651
199295
169368
164125
166441
171920
60188
191763
82899
195875
190422
581
102551
47054
169633
175010
31880
1887
2087
44813
25420
9719
121434
5501
64929
121174
54947
168260
9631
154274
132926
129863
143771
132729
5388
110105
171980
164859
37132
157967
42617
167648
62599
111029
191535
18739
139268
138685
30407
77701
146413
30912
86558
139328
162334
133131
31482
109966
77541
164779
145858
135975
22912
92563
34289
141189
135666
109451
145173
4286
188647
21150
44422
176572
153107
49468
187564
49043
93412
77685
61614
60968
35105
94828
163596
18665
71363
104108
152562
98920
69141
18156
38727
21717
162919
30741
81886
17421
188538
72919
87083
189164
179806
96406
113042
58337
187309
182866
60514
111685
92081
186671
95815
52912
47826
119233
145840
193325
102733
27004
119254
194517
132691
138165
163690
96056
46929
177872
139140
4446
102923
17248
80662
45150
71599
105762
122408
94076
137667
34843
158970
23348
131430
51923
70439
124998
157459
83124
186496
191742
66364
167970
189878
41623
144016
118503
72088
655
165644
137322
48567
191128
130669
178394
138855
195627
61371
39561
27660
169239
135436
191017
118237
13582
64554
58588
14222
32874
163920
119475
74861
131960
141838
83270
40091
161588
55687
195085
61680
122723
110339
16745
72277
149925
144003
53080
112921
177130
12717
98568
53252
26051
158
10036
62181
25437
142244
132468
44046
82861
4142
14429
137194
59253
14241
184071
125540
91346
21953
91608
135157
40201
68888
106177
96810
167786
199245
160038
44383
157538
36099
187108
97363
73542
123188
77687
162305
178416
82628
101204
85310
148504
61594
168382
110196
12417
176375
44518
72889
127795
36832
93146
120221
90736
130662
90899
4300
34631
19620
165266
135744
77952
32863
4702
154895
52133
25426
34745
144048
183999
155181
44906
10928
51637
102800
21751
13030
80656
137783
164065
118000
199798
125389
181515
158624
68244
92982
1254
183036
144803
152749
164971
137985
42584
89603
160139
25110
172722
142156
142693
34371
170809
179082
179616
134904
149306
34471
176756
153760
92002
189604
63470
109514
23119
148979
127826
229
89992
20926
14092
134088
169213
80840
174574
156087
100293
17684
185868
76482
50149
55577
121034
47343
107069
112583
180460
89340
109656
66358
165682
190763
22233
132572
195772
20769
144235
134219
26737
22426
67910
175842
27309
17969
191199
132074
32030
198821
185093
61398
125697
58073
174778
89162
64851
122628
184159
103048
162126
67040
12915
41930
42039
150766
157983
129129
63393
130765
184294
68999
199506
24231
185871
67155
67376
197580
13055
199255
63691
142161
188156
145168
32302
62202
46100
56319
156142
97534
99693
9370
74397
152287
40284
171806
171930
133368
157310
187953
1241
25585
44710
112973
64241
101037
70853
106175
117785
17705
24589
39281
144045
140220
2061
47715
84723
185392
114016
34651
14165
71057
38398
65857
15120
45991
73012
157260
127162
114599
190748
143237
76310
84931
5266
161972
36962
136406
64260
59275
145766
143292
179197
153711
96264
15936
68715
14946
99512
93083
170424
150952
18522
130815
193339
139143
38145
154357
50463
148614
93678
184829
116782
101365
115820
139539
9521
108625
28664
21355
21340
146495
171393
89121
183009
25848
23187
82053
193035
16641
135021
122113
51588
101983
29805
57689
53661
88359
194574
30066
99471
19646
120036
14550
37098
45618
1943
83263
184008
173789
188899
113969
166033
71582
150783
6910
159801
32097
147070
172695
27418
25161
63875
193101
30246
74991
102664
197333
157316
68543
135137
159735
3576
193089
186021
146761
159431
170100
33924
110156
139913
146760
61430
197742
151118
176887
131502
116934
83993
167424
104586
143408
164786
193819
2416
43808
33760
47072
126572
158472
66020
23577
47536
39009
126148
34263
174027
174354
67391
19884
125617
164124
140540
21199
189223
81961
119781
31233
54028
37155
49643
63090
182421
152795
143420
149356
130283
56258
81367
179113
3601
144710
67217
193602
160113
182817
128288
140011
130415
162626
139029
142328
148323
20623
19546
197762
137571
70797
566
117458
67046
16675
182101
72202
164945
107492
23803
134376
25326
90161
25968
172152
87117
182861
187898
42997
1606
47022
110850
134250
130757
130427
147141
38190
197659
82284
124901
149903
50367
92440
193951
136228
170863
131467
25359
55323
192916
120215
60745
63130
192368
1792
141685
159236
90078
31891
193635
123745
140208
142742
162992
106011
180945
142302
128289
28930
105732
16710
47528
38493
152784
105497
151982
139807
44241
160231
89736
7741
154862
55996
20252
96517
73317
2109
67194
161377
191214
186964
134473
197803
165753
128780
32805
164374
76009
131559
54433
38037
138594
90124
181290
164011
19868
191680
157696
38111
143270
133795
146800
126072
167778
196137
104802
180709
79379
99616
121016
139134
60861
177923
171287
127248
147148
174805
41877
109858
196383
165126
101066
65737
141166
102943
94125
148170
5257
181672
49612
126316
172019
34290
182341
95724
11812
89267
147102
135936
90810
36578
128882
30648
52261
157197
50015
58049
149869
12549
174333
119969
155071
144054
3682
155059
195412
192204
156120
3692
131211
51494
63897
74624
67576
10209
93292
85109
8785
74247
175961
183984
21684
37657
719
129271
24580
63779
86059
184131
24367
82542
188112
32381
94479
148775
6541
197522
167252
144213
12521
192016
81670
59496
60512
158244
187864
66601
151816
115192
55559
15069
7568
101551
175874
180326
144772
198833
80504
41165
3213
186218
66833
19125
11541
4814
81619
7496
117275
122036
73799
171657
35175
69378
198467
74779
87573
24445
49316
178864
132724
39943
76700
70598
94818
50388
64104
196288
69947
56099
5990
124848
198378
111345
129574
160655
153312
6775
11422
92314
168570
36185
103777
46698
56417
43576
78825
75468
87648
36798
18815
37926
75494
146744
146611
74589
79687
10632
86310
109785
163838
163554
99344
176215
119522
115145
17610
29754
140968
9132
118661
8111
89680
171078
196194
165531
89835
69088
190044
124493
60955
151421
112573
11893
179004
164203
49513
189440
100496
6131
42735
43988
80255
156838
145251
29152
77601
42291
93248
173487
65948
96481
21627
84491
150214
106942
102853
965
153687
31515
89537
190068
27766
912
172805
71875
178066
123918
184653
129208
193318
29709
128686
66322
172315
139882
29383
187189
94389
197548
61400
112071
142864
81237
24341
92845
72185
113686
51826
161743
171616
67669
179067
14024
58307
14223
86184
46777
138343
163516
36123
72742
82732
9588
117223
185006
56703
133021
102627
74619
172701
102695
32643
56852
45425
113276
151357
16464
112815
88105
140469
175795
58451
89065
167456
134293
102606
29209
68179
37332
76155
136597
86928
30866
178476
25197
33418
169107
66988
25443
194305
71929
189099
101128
184020
82811
197443
44751
22092
197310
85376
10345
177023
65095
131421
101374
20353
51362
116706
118633
21003
97732
163065
160989
122001
173419
165354
77718
36645
98255
181219
138477
100480
49370
138556
82060
123808
115631
189739
160010
123917
93316
175653
156779
2496
22529
148334
26215
38582
174329
43331
9802
125058
40717
60572
190992
42385
7590
13481
56825
90661
81258
5272
106723
145255
199390
59095
104903
116667
34499
70620
106657
179005
102686
178396
123444
188233
64107
195946
86672
9242
148513
150292
126835
154469
51210
36141
8030
49469
61221
129190
83926
53941
119486
69024
167
24174
69959
19462
90900
113943
114632
150331
158176
72105
142562
32916
95608
98634
106567
163100
110401
151856
148415
41498
121021
167210
195104
132622
63752
110395
165289
82801
59851
103852
42985
44339
125472
54275
82025
106402
116110
157367
27669
16363
144440
157511
71069
126911
152216
95344
116108
194294
185339
173175
83931
92636
138738
80460
106992
145913
44579
34567
11136
65886
26812
10481
30779
87653
13090
36132
181758
155624
7560
198969
10936
192063
1258
88209
67961
32209
112323
123729
83950
63225
67947
112983
160907
111785
108603
36420
54725
166232
153812
70689
138833
121111
94539
198497
68393
150187
135410
150862
2673
1527
177350
106914
104634
193475
89269
148460
171889
74204
174895
51004
90371
124728
91773
118410
83004
104866
194886
161709
105952
23127
155217
96526
143937
93867
140375
38555
182514
151189
30692
182021
20108
43014
5972
133792
125373
176566
156563
130979
172299
159465
58704
9034
38619
127138
32443
159160
177846
90624
123149
130746
159183
129835
57921
129406
46683
139381
166947
167810
67761
23737
39537
104352
138699
50014
165092
4533
84876
28571
5587
161464
108766
146069
156604
65750
8054
29449
55803
135394
101355
145138
150924
168263
58046
183829
25448
116313
110034
120300
139935
196121
81045
112315
17885
152987
192187
25919
6280
152158
146858
98675
55615
164274
18151
149115
152993
126155
45092
106851
96923
114152
108783
164192
16097
146146
95556
104856
65464
23966
137656
128695
70278
144785
104700
60859
199733
131835
119113
18798
76829
107196
22046
55112
109147
58548
52351
127450
88114
127380
173734
132176
167878
174341
85061
47644
22629
11414
165586
15227
199513
7894
62068
154110
187981
186949
36599
13172
71732
99456
40336
191622
124990
99440
101246
159488
80638
55924
175717
121211
185250
182659
104989
24854
48702
103902
123557
92320
140478
156849
177483
86826
166161
57581
175963
109718
50153
40146
96653
125107
160835
46391
68482
174616
69115
42297
81458
191575
166688
180239
63904
193997
41092
57819
99390
111999
50224
168085
138639
67828
141380
131466
83416
17735
149140
120992
18100
183724
59081
162772
144272
163814
184570
76276
77174
5318
78095
82569
134503
35935
37325
195902
109475
58353
78193
106506
49509
97481
61805
55660
10985
52740
43752
141737
90925
167551
158235
117280
97032
171226
117037
7932
132743
43597
109904
118357
65198
38410
56017
21876
31474
94285
27364
100003
115270
46997
133695
132569
42347
133457
151448
57350
163435
90429
127000
36324
13431
142140
55091
184586
41925
109491
152891
73713
13485
18646
173574
196061
173979
18187
13153
20598
28050
89348
134316
28344
47721
139480
118675
88714
44457
99691
71253
152298
192163
124424
108909
30102
164624
69299
108061
27913
102541
58287
165645
190234
108537
50900
63060
35924
97182
145224
94848
145275
30945
141558
153448
15511
165465
43009
116749
156456
183391
183218
39834
103273
105378
154707
196915
193174
112356
174716
36368
97838
172269
106264
81832
168852
1131
167508
60445
6143
151341
63652
172531
10220
127762
39045
106999
100334
18524
133233
75927
11432
115611
190531
196567
51408
90785
198981
123342
124514
171392
28908
102568
50669
123879
89217
133524
159922
8720
60271
83606
34222
57374
167031
44288
165896
173898
87729
78103
51249
84772
187340
164628
91079
83163
48083
176352
43301
75367
163053
89268
164723
140117
63811
15386
117060
105369
97956
155867
117001
185970
139928
198609
114453
91415
71404
100390
40071
52562
135358
16728
67637
64838
142691
193581
119173
20492
193763
80689
4061
83770
53064
153985
119401
179250
3237
137672
88645
96797
130304
19790
183133
65545
104924
143975
170400
19254
117803
98722
33455
17386
170512
48177
102577
154227
38095
81028
1174
33969
68864
37824
64714
86862
174446
110769
4476
120742
136531
194373
86952
176544
26477
162943
168967
58124
104299
112837
174661
40649
150996
21357
23289
150509
187098
103197
128082
3178
100924
11448
79073
7171
68233
162754
165653
16864
21839
110224
62469
121140
144138
42281
146091
87324
4755
122697
127417
29494
144168
149662
21731
69735
104638
28019
116419
2806
126355
55469
50452
59322
142036
76274
162430
107268
188203
70394
132473
118346
70992
134610
127407
172945
50295
171439
3270
189564
96507
147847
174946
133813
54096
45097
120366
19162
162708
159138
126033
177381
7933
163530
129996
86449
197537
115160
124077
193298
170822
141955
170248
187754
88595
109115
122289
81384
92351
63664
113005
149768
39344
192130
195304
73067
21838
59734
129492
96564
125360
24117
88857
194814
159823
10460
70442
55570
20
174384
127462
149816
67727
52137
34867
197076
34002
97582
26002
177907
16358
112131
132661
40176
57626
165580
100265
339
90025
105090
172218
59358
188720
174124
171441
23753
21871
7415
120639
81372
122907
138036
196466
32554
83644
28661
184401
87888
102883
48392
127685
13359
133806
52358
29698
170420
77599
108629
66620
172100
88303
64539
9604
29497
18664
197283
145397
51245
192593
35525
84845
148924
90750
181204
133011
159265
80703
12513
23013
6754
131699
2426
96308
8811
62186
89979
98287
711
115393
10462
44602
9797
137068
194136
169334
160981
134731
162239
101367
185522
41873
136227
74144
18199
73331
72644
168765
181324
80961
132291
144636
189946
121741
175586
117382
13943
176510
179190
140264
153488
50361
12191
72421
83266
179430
80391
39987
18833
24659
100092
63472
146815
182241
6124
172612
160511
4183
117178
119392
138858
132125
143138
155375
60324
131372
33270
188214
183456
197976
139121
169241
87668
156841
4915
195482
92667
87931
170851
65161
165165
147781
76283
105304
97886
57709
173296
132683
140333
93902
114337
117124
33377
37794
63424
189932
92661
72385
43738
61404
41615
80280
194429
123418
166747
78163
99836
147052
98107
17835
31522
29773
190682
108729
61166
172944
152226
101961
130473
123384
62298
24647
19131
35656
2316
47832
72477
193244
96240
20633
188336
162461
59610
58173
38915
104782
51542
192978
180404
172726
147789
78002
120798
100240
143517
153077
126511
73179
107938
2153
82353
179290
194262
138
173900
38975
1757
169144
181264
117687
48558
57224
161333
164148
108272
158612
92202
153219
99205
125125
98415
140295
90940
10694
183900
107056
85834
147001
26377
196998
84273
48188
154985
6671
53950
67562
128627
148139
77545
133821
183323
158313
284
147015
156506
103029
100815
167469
66910
114567
160703
181667
89510
38547
84365
97545
928
104889
15351
82674
28756
18767
144303
145828
153584
68428
140974
41339
185833
83751
44795
173268
124033
87932
139711
117601
69728
4737
106431
157611
128114
156554
53174
130768
49071
115055
135083
197558
19708
91849
28217
36797
140970
186467
23864
190290
32813
42518
36622
143235
43266
119629
103505
111888
141418
13569
166101
62024
117152
103906
164353
11652
136880
177491
161760
188918
12797
145076
17988
137826
59713
83089
125802
29269
87581
42957
146688
10685
145081
74462
8368
165348
164483
167234
40799
65887
140163
156187
56866
150309
64347
68157
50801
17206
18196
18398
147771
128924
88665
105684
109595
163839
118967
139448
32630
83623
195101
99289
159336
191392
103676
73353
186904
92520
96574
67530
172734
98425
17989
152013
86450
76072
95538
156530
101685
38019
199439
124186
123998
156130
153742
197367
169944
60843
196958
111927
59859
37514
90205
141668
121747
1602
23772
85579
113662
23857
10532
32450
167886
130555
136206
24373
98924
8848
119990
196607
124225
184329
47241
12378
20342
17159
178921
10124
45581
135161
158899
33875
194792
9704
146498
73077
184554
971
100495
11469
93015
32537
82875
170468
137954
80019
109945
177794
29927
78839
168771
113422
55639
182002
54056
159344
33288
44464
35389
47239
159508
21979
79808
93869
8253
97510
163771
148823
5631
160707
176744
97333
17069
42761
198952
13628
54808
181736
3791
10981
93210
64721
161900
96565
6840
182416
66103
155698
122693
28678
15384
158693
89386
195052
193512
36696
17463
8857
112937
160792
54849
158619
26997
49907
9260
73659
168
122790
183448
131776
38679
171856
84173
186591
71052
43131
108725
68937
67517
127471
182598
41603
108920
139356
40993
21708
6605
112980
135350
163407
123636
38653
46670
63019
126674
103384
153430
60132
162050
99032
157941
133866
46576
172850
46530
30348
126490
72005
160857
150486
157423
124694
53029
31987
63610
137257
188697
154454
50649
113047
87979
53675
131180
66523
104169
199066
58851
52789
32432
84144
10356
70138
40057
158276
130572
119339
2114
148215
44846
141293
50812
162787
133832
155860
30067
105401
58373
35059
145641
83544
136205
41673
31635
35086
54654
194199
17836
171784
176679
140358
17439
189064
199304
72269
161815
159605
47734
169404
102225
83293
22899
118345
43978
154126
86407
173721
161595
83037
45580
188437
12073
50424
11235
58994
184994
112158
142089
188362
70519
91971
34852
113173
33916
105092
182864
167135
39896
74892
11521
156230
134469
179374
117514
189198
36995
13246
197502
75447
73623
157237
25642
14053
195063
156459
31578
176618
187844
109446
102700
76667
62178
123072
158245
28843
98172
27996
179348
142710
158318
115099
110701
32855
194683
22270
30465
139076
165557
6617
192912
28333
63765
81118
12589
129753
10892
166984
172910
106157
160811
3133
429
85008
58788
80509
166407
130112
77401
100160
76969
105015
35225
190423
97136
132415
63827
16175
155751
112717
186431
128793
4087
119457
58
135652
98767
8668
183155
198779
53855
86316
142804
74751
132990
175163
91007
154482
154626
115090
130478
190241
12688
65643
94704
13811
178573
97704
103658
103293
2189
167677
105038
40844
192336
147610
160068
61066
102615
136785
165417
96518
193488
54173
137513
114403
2222
63388
80212
176461
43332
122393
107389
167919
134929
119023
129105
113359
187282
105807
16629
94697
17039
61084
179065
37083
132063
100596
150981
117185
29144
115669
159707
180876
15337
35903
193487
98588
132843
192265
153223
131204
19144
94486
66631
52116
41448
98012
69075
75537
76795
58444
38387
170388
30819
57355
154089
159726
102033
26381
116876
57874
21041
5325
107094
137010
87777
16386
183370
117509
142801
137139
191491
161177
106280
171151
155007
115976
190520
159687
174378
92876
92777
122653
172638
106354
21120
120334
187833
51616
142645
67045
107105
20812
176129
172865
60339
57065
41175
24635
92127
163556
101273
145328
1010
197998
90152
164691
19581
60911
192937
57963
62519
183345
177716
154309
56279
41176
66587
146727
31187
23541
177471
103239
144966
172771
94776
17911
35781
21205
132910
73856
28600
82169
74376
54825
186731
129368
193105
128935
1359
157168
153204
136953
57421
165512
196722
171432
148865
185491
38025
173608
11686
66446
104280
24116
160837
199246
144325
120088
182411
167828
80320
126802
28442
149391
41479
79117
55701
192988
25195
39769
86661
140280
95124
168135
147382
80744
19319
41254
179765
29133
12418
152086
23661
124595
127892
162790
130713
193526
141701
194349
9908
41308
31072
76830
83287
596
149673
109413
118921
107054
176883
191421
635
13301
113930
161821
194419
16080
68011
172480
41867
197229
41638
158665
181110
92131
88235
22300
130192
194670
138419
73504
86144
21828
58067
49413
140027
124304
558
17348
34973
120834
173558
17136
105678
14537
63914
95212
31708
2051
65004
70048
119079
191413
141089
71255
71796
127358
97890
155729
29747
102468
123934
32830
137755
26962
199618
13616
28014
63848
23875
24535
31185
171936
98814
139623
89524
179356
178182
4155
42464
124382
105743
32809
120279
22597
140332
147868
128572
196794
120305
129787
190203
117797
63433
33088
10558
165028
146619
63336
87407
81035
117924
145478
115008
99359
168320
66167
182568
52046
9961
194799
186423
173032
40151
197951
104765
154314
73363
131884
28061
60140
150191
55358
32786
19360
5100
174458
78754
107663
120248
49951
39300
36989
69253
59048
15731
51125
74153
28079
107785
61597
40343
124853
133153
84038
90610
26610
19071
141617
59896
80459
126521
133881
71770
106286
46180
155630
14860
115760
136182
153362
86494
112239
45781
174308
23453
63362
163532
61660
160158
136575
25856
165863
198660
67525
152649
26160
183884
190755
73119
9430
112778
58316
4801
29156
65111
77466
62438
60164
82278
79289
55833
186795
122102
127108
170795
77769
142237
86992
33804
17470
191821
135636
19370
80273
106754
60407
51382
193045
165294
297
192821
192408
14303
145648
38139
169278
125181
116802
85036
92844
30780
187990
125302
181543
62654
89296
81046
94034
50440
183065
21814
44990
124381
65416
136006
61058
121939
187735
102327
31058
61475
166915
75767
95848
176379
56306
94218
80079
186569
33629
15324
63500
60027
168595
161014
164028
116144
125126
188971
194619
46370
124758
166732
163825
126867
174641
198945
160427
170941
98694
127043
73339
3655
136246
197263
156729
38584
129245
107723
117385
190313
117892
137698
98624
76086
131036
148408
84343
174894
196485
44570
26666
37937
194572
8588
194045
55334
95685
93893
1512
54390
178289
38144
672
62816
144951
126630
167143
10294
189905
141744
92237
177289
122682
104749
12940
17022
47118
88298
63134
71924
161500
160619
54128
26872
8737
185840
108678
48980
42794
6992
14052
65354
151973
93475
150300
163441
34334
105871
23019
50348
109694
101726
157872
64661
173618
34521
92947
42179
120471
120170
198202
93619
29281
141433
187435
75029
120136
32213
79323
184347
181471
187908
36019
22566
178014
184957
102125
154183
183079
160531
130879
115941
174011
153797
85007
163307
130400
13938
166852
82698
149769
114882
137674
11337
90889
107706
171262
80942
76082
38972
19859
120368
56255
7755
186114
166210
136883
13809
121358
26882
27641
175475
172267
139982
83542
174874
72492
51059
68026
156249
155655
151245
82040
193352
104548
89473
89525
91290
29091
173083
130030
184771
137421
176182
112215
114890
120919
88583
119754
107639
130131
5802
171993
93116
181281
171958
63726
69612
40058
86572
153125
65067
56021
119472
81438
59828
179478
38914
190320
98612
134028
171594
109567
58681
125388
437
12326
101187
170277
181988
103578
143474
69429
198941
32635
193226
20846
180513
196526
132071
120616
186766
183539
29370
106391
61359
64625
182205
128107
74238
44165
14564
100684
52290
154934
175311
8503
163431
138609
153633
60739
44112
147916
118305
197666
146230
165979
118289
122891
116443
27062
111110
132720
135292
70821
183676
49859
57256
56706
174826
198214
181838
29932
101851
173492
164446
82274
198791
44922
15134
193152
141643
35206
81084
76067
56171
179402
68754
95662
114900
1841
51363
137480
103788
26485
139639
100295
81068
10438
20592
41389
172833
179867
139260
62582
131855
166452
177251
48213
92370
188090
15578
198239
191398
78072
186651
50663
32441
160812
1226
121442
10757
107272
69398
179845
165575
134326
40610
67464
140699
81959
81052
37998
21936
28004
105034
192404
104250
88033
39018
195111
72457
18594
131991
90043
16765
158653
64556
165996
9235
66340
59735
108480
48325
120754
51308
103477
72368
190476
191192
24797
143277
86824
128047
118917
169664
198811
172387
178569
185382
158949
111213
145928
90083
193736
36535
183388
192055
196844
142440
90590
150889
117880
156613
51796
61465
78653
69589
88194
16471
5951
76819
115901
30686
143162
71790
166481
41768
11331
60963
116123
43548
155183
51268
116906
168403
12001
28261
139918
93703
190670
168277
158239
19850
182966
30412
6165
106528
122136
135492
127730
50914
118497
59373
64762
38842
132932
135995
107477
113193
3811
152416
53458
85619
182553
26389
179236
4430
24651
52031
152681
166610
78329
103488
3310
105877
32890
15779
118667
123058
121682
183529
50608
100702
114210
156730
176238
61251
162003
161816
99025
94021
107119
33448
139038
50363
14658
162634
187620
14855
168832
71018
119696
29655
69520
112013
68666
138276
30016
199573
74554
102419
146197
34059
166466
59085
164059
156105
123165
163898
47098
34620
126311
95388
155283
164387
28907
59119
133569
1522
126029
146138
152957
13577
58622
28318
152951
183997
23784
100598
13184
35850
84572
111547
93608
128
170075
11372
42481
181307
64936
163597
139771
46216
156402
144699
54504
105925
150734
127511
53165
192511
11296
118403
45790
47574
144081
158981
187431
166484
161487
129139
63598
63505
76788
76414
39656
50471
77414
12014
183842
198134
108074
80015
171511
106800
48267
178904
16720
71277
69940
156615
156520
23291
179605
82772
25915
63659
66104
133415
64002
35698
56548
87208
72173
62583
74966
10796
80209
67106
168078
100289
166729
124783
77077
198001
122404
161554
110552
157844
78971
65630
106082
73235
45362
38863
95798
8096
35730
14706
199865
166132
20835
72827
195904
171492
50177
168364
128590
21445
137157
74974
76697
1133
43489
93367
167497
197080
52181
12650
45508
71553
109110
43896
5078
64610
85078
97033
91216
181276
87579
87500
81746
110522
75250
12789
21358
53738
37191
21208
36538
63234
149799
177924
155287
62525
169604
45316
90464
78634
147458
159392
52478
12019
106836
7508
9157
149376
29525
155994
34118
67422
146047
139183
159804
130146
88528
174696
103611
104490
123042
198146
185073
68952
35820
27960
197809
98720
40692
199446
77347
13602
108509
105697
102323
6856
160507
109642
71858
116792
19951
141567
41417
75512
48610
33651
27626
48893
196087
115704
83925
141394
38851
190167
92771
189373
29
40963
162033
104426
141457
192893
9398
113822
139210
147547
33547
148873
51502
119582
95950
194282
111395
133348
112965
157147
68156
45801
53974
60761
163538
101896
115885
159022
83578
191536
107430
128001
117236
135297
71755
28882
175742
123713
105962
115683
120647
94101
80094
3136
121678
168148
24555
41259
77810
105523
10575
100494
134658
188111
107948
158242
7995
21935
149317
47039
167461
199811
179888
151395
194630
132588
169279
115755
178264
22881
121427
116385
102348
42596
185632
38120
5923
10567
2571
97119
101239
199576
91961
24907
174975
56943
935
16300
194285
131631
82568
173286
7215
80640
121636
65101
62822
194436
71220
189996
78277
145040
120330
16275
13901
181729
178906
26564
98338
76436
111143
125431
152147
160215
41172
42240
162358
151292
172099
73090
109900
138941
139672
178960
77855
39063
179882
63721
136076
120452
22922
47583
160978
172671
33609
134237
46624
4334
73325
17242
139191
51732
72038
100678
82583
168555
110594
172054
199943
23376
35037
44908
34374
4122
63124
179027
74582
34853
41779
32909
126772
170288
92809
65530
153787
163382
102283
180466
120509
171001
169751
159853
196925
11811
79174
57310
97377
18490
100035
152524
95713
144457
167666
23989
114638
114921
186655
28218
76564
10278
138447
167432
80317
38447
177054
44707
192619
51405
72103
31154
118950
50887
198002
57940
172048
22294
188919
69339
84381
14580
169740
99921
193648
181133
181028
110537
13669
79878
94755
99037
183782
140572
187107
164672
82351
126684
46454
136187
197641
11622
98823
1224
124202
158058
50893
195888
114191
180732
75893
47640
130185
50487
171983
148385
92429
127905
42458
58913
141264
114568
197382
151346
121896
164226
122960
48224
162515
170855
31202
112053
18352
112820
156670
50523
131415
82983
78776
139456
179272
76524
163799
64223
91823
57781
58303
127258
145535
38313
76114
13142
90806
141895
168924
180628
42268
87234
34821
5328
45825
179497
31683
67178
188847
141777
138361
2151
197093
92253
165117
158146
141928
170701
82718
62837
49369
62191
191539
187781
145132
11954
128086
179748
27823
126552
15787
183515
41466
66755
109312
95955
146253
164183
108887
126228
61254
15084
36948
128861
61599
165966
86172
182130
177597
20240
21124
66325
178444
71723
112332
82829
11524
54228
17202
14204
179016
76544
138845
112343
78463
31427
175401
6233
81785
168903
64896
21712
117774
179785
107680
46354
6717
45383
64684
103270
82904
144439
178235
92192
167837
146839
82779
4823
148036
94450
167035
39037
8455
94896
176433
25638
158996
22564
53685
92730
154749
5838
77022
121984
196696
58159
184786
133126
60801
193168
179916
50665
161706
9280
154511
151730
189388
115799
145471
124263
112317
105529
149702
21761
172997
77101
143150
156676
128347
131084
67893
75594
153248
34675
65935
29843
2010
19051
98959
97959
119153
164501
12373
22420
80792
44698
79774
120884
172813
18114
140713
14185
167463
194944
126603
79506
113367
106228
79341
101561
117162
146861
29854
178605
192554
116933
96858
192344
190521
72203
147560
23245
176516
171759
194510
164107
105425
31005
79052
9321
142586
4978
48068
40591
53753
97372
52598
15078
198140
115388
92577
46108
20618
25187
186907
100956
52585
27679
27007
165792
146043
47940
28254
104612
194267
122781
119202
5357
50428
61460
175680
13606
25962
154960
63749
77011
17042
159476
20133
169865
89900
80547
179863
64477
19735
188041
88821
176148
175079
77993
126849
122935
197012
181715
131657
16778
15399
77364
132942
38476
174893
15369
106729
115172
57896
157702
12543
86177
47251
185300
178708
139916
34067
41617
128652
155811
7821
29118
149917
99407
86276
168691
170600
183722
53047
133471
172158
8448
26113
26039
70537
11378
114756
58102
25647
66598
108052
97896
54727
158728
57693
156950
62318
27379
33439
125406
174217
92012
56816
61300
153166
187475
4277
103130
54968
122675
8601
26169
99271
10638
157708
72376
97436
166704
103524
109233
76739
155709
19365
26856
97977
6018
131904
29803
182304
53380
65633
18758
128774
180901
45369
6898
184023
115439
160073
8929
119174
12105
161575
70561
54737
62588
30514
192458
132952
116272
171596
98189
62086
114846
160810
23183
76356
113086
87369
115330
152337
142840
118209
182731
168458
62790
43267
129851
70425
107142
42649
60579
51811
24027
157407
174266
169236
133062
195023
149586
158138
161711
14151
74654
38615
168319
50492
196719
32050
188420
55751
5779
111468
45537
138227
157654
63812
18461
16138
189418
25208
123396
131253
177449
57285
37536
48887
122629
170224
22650
2203
119886
187625
112377
59391
144067
107921
133697
56432
124949
135754
161812
93752
70065
37896
91509
26032
182867
117590
170597
47979
31488
2743
180641
52774
25718
30985
35624
150633
181415
116652
52268
128448
167486
31305
138637
74986
174795
116329
197748
141446
75041
9764
145639
66934
46790
6725
23209
88945
85550
120846
101126
122602
66853
124952
166586
197836
117436
67875
89057
91734
90837
62755
124356
65001
78250
190583
134431
5239
199616
13476
160805
152903
151156
179305
1231
154753
50266
174072
29005
149850
147067
42525
79120
110596
1289
184770
60875
31253
156172
35010
142363
172017
151565
156038
123634
45542
102129
68509
118470
65768
104354
9925
43056
119680
48401
13318
96834
158955
136118
103075
190724
98043
185458
32036
160760
199853
33625
4662
134986
60737
41045
172972
92480
33805
1020
16010
30748
51995
106405
99356
114974
170841
54627
19549
60635
120702
35372
53706
127231
149441
161441
72822
194035
107089
187822
181100
15741
12414
52810
118332
79794
161866
119850
189101
130406
7329
28293
174703
79576
103047
15527
109990
75819
187468
55977
150442
125206
148542
118741
133452
89074
162835
3641
194471
9517
166550
95305
137893
162047
26069
77657
185694
177212
29377
12763
189910
9932
27613
28000
55183
194680
117759
79885
199470
94090
91256
103154
33150
43341
110244
56440
181834
128719
130759
48986
147659
14022
146022
19368
44847
106535
194752
35413
196176
41894
108715
35039
155861
3900
186551
174970
127596
157836
191954
46352
155369
83148
142138
83039
67895
54854
158181
132238
124374
165026
173043
21183
77214
69858
129579
19849
139200
49028
197104
121807
141868
84738
166993
71551
398
59672
157463
55005
180984
154806
56532
86990
186511
31556
126048
18040
79137
194507
155542
123366
139778
50842
54293
146479
159860
15961
71823
196015
71190
145400
57111
154199
56408
176243
98766
60846
54796
118012
125057
169311
132761
183755
65355
72420
88979
120978
182128
12329
79489
82508
43610
36196
116011
180840
1344
32625
112756
57914
144316
22298
185361
53600
148377
2570
66170
103096
132821
6329
24876
46933
174023
112763
178935
176268
123377
10028
38359
87890
32400
95287
52487
24656
70823
15491
20140
111746
78472
77434
169925
6346
125199
154441
11890
41934
55717
27929
20765
106604
168712
6125
138719
71482
65229
103957
189920
70460
5132
9662
81672
147459
32136
23736
120492
67932
164356
121095
125930
177319
101867
129735
28842
183413
60604
113417
150768
16826
22776
74426
72020
183547
160755
97486
113721
190222
177243
18096
46207
36680
117657
80367
198186
151550
197961
108170
26183
126441
98751
111774
61130
194753
148731
199230
159662
171173
86954
23563
72878
130355
87288
187884
116000
149070
8284
103886
143944
135472
79918
157336
115195
107803
89902
146475
41809
104522
113991
17725
90463
175875
22344
116403
146472
162038
140583
113899
110728
150206
71930
182995
30217
140038
25051
99546
72853
116242
40919
103230
122606
62955
188190
154745
182802
61915
196203
178292
37209
16261
20776
186155
136802
41393
102219
112776
133200
123308
161600
84357
32163
126921
96284
10602
149797
34692
175101
128003
61872
88312
12251
57024
56909
173409
116607
57757
84773
100196
148273
29432
115969
4796
168359
55214
139060
38978
21669
139167
129961
108130
193606
65014
170475
191428
15585
44977
63013
96251
104012
36384
154948
11742
125094
16529
94306
13056
142414
64240
115435
98858
42959
109245
135806
167194
126617
93072
104119
10500
188426
59208
186499
93424
22365
13682
37146
120463
132374
134737
88376
41634
6509
144339
171898
21596
40523
87295
110913
23513
125991
171681
94513
42807
180535
15933
158450
111385
62706
18180
78282
106129
181683
55995
140990
177601
22145
105355
54485
159312
185399
126469
82664
118302
50698
37149
62080
138039
194692
26648
14613
183174
23070
2700
80316
108175
27221
140705
114092
7620
185576
175647
42429
24286
137085
152455
170233
87994
46089
176567
115364
42598
181431
95066
36131
34880
130609
51745
120950
158326
167200
77456
33478
100709
4597
195189
138764
35160
71968
189822
76869
65463
140261
139549
116564
162281
75349
196344
70349
89216
172766
59607
53807
147604
134460
50837
175089
128681
118954
45690
87632
54243
164477
26053
181073
192847
86924
143366
47657
120922
43186
118390
85378
116367
20215
121699
135820
62628
34879
71263
10353
108022
160256
137263
79592
82043
119960
49790
74950
115339
182762
142852
171719
196400
147486
112986
140642
21741
45694
156458
102067
71485
174741
15809
192483
136896
86838
119068
173336
149114
142753
140734
522
35518
65019
180775
50055
98484
109357
143611
38255
26191
91045
198198
90211
71185
58211
10643
85237
9120
28045
45346
81376
62515
133231
93615
160384
91690
101913
626
171514
51738
164510
109681
33371
157817
183029
15608
35429
132394
113058
79273
2039
151018
103823
147626
37395
10513
8803
192923
160453
55794
125774
121880
109344
51794
81707
25306
18543
158988
61803
61170
172435
1292
102346
15967
102438
166253
79546
97344
129215
122420
120123
155089
154002
53312
161676
152601
95751
187601
54206
11357
75668
134118
16627
196391
38504
43766
102154
77767
162138
141919
13161
89407
997
139509
137305
11379
80880
102891
166961
33036
117909
112558
23778
195813
2162
85857
47222
49899
12357
113372
136800
170340
87637
178668
18687
114990
31520
151097
197880
55271
196646
171181
111318
137032
11344
18641
179980
37487
67148
140174
174712
160530
176147
30888
116339
16162
37670
24135
53440
53688
28427
65746
102821
11673
6249
131956
9476
124243
52597
199615
168927
174544
136414
130930
33203
35229
60717
29621
128633
170137
33069
104707
144837
105204
85915
44905
126795
36620
39534
188828
87896
87413
170085
116105
110958
116681
36671
95448
68587
102503
173414
49070
128648
7040
19846
154410
47848
85278
145160
140671
195120
87611
77484
137603
169008
17177
139495
170223
164025
160983
135956
5197
100137
17263
56830
61688
181147
165789
53456
156171
85739
94542
139450
84383
160364
50880
13631
107666
146414
172597
97421
57108
104636
130273
168395
71762
78577
184093
126926
179899
29278
148962
114292
20098
189214
186275
32613
170194
140354
76176
32105
47095
61969
152691
123490
18729
31881
348
2710
52379
16328
84605
149868
199682
70103
166260
179039
70228
142092
89772
132514
12556
55864
62674
105668
116883
139405
114419
63179
61665
172288
175332
38060
892
187370
178233
85586
193355
101363
196089
120982
63870
128417
134642
17460
29985
23175
93930
195626
135322
161489
153237
113821
29736
29864
147624
115318
106860
43134
64649
146530
14645
184539
173862
70479
50072
125932
182261
121390
100466
55583
183234
136413
14664
83518
40718
173190
84586
24357
33373
189091
142675
175837
109723
127756
1242
10855
31144
39048
31505
34116
119638
164832
62860
190256
130634
36914
109045
147872
128673
97426
118833
24809
45688
167586
44495
11804
133726
167849
82307
176660
166235
154535
28766
54599
23624
149340
22536
148990
37723
33303
145429
67980
195703
98320
176020
32243
168576
74316
154525
17241
27681
79821
41181
54229
57171
193288
51942
167755
129625
48169
65421
72752
57706
72756
136776
109307
103737
35830
161934
22948
136281
72532
196275
50334
190514
47870
115991
24916
37573
29552
109287
81266
54508
14800
94303
85730
32165
142386
79497
10386
143798
64302
25660
98856
492
132694
144805
152229
9818
164154
160285
3390
86550
79589
26577
23708
62250
38820
39519
106221
149497
11633
58515
41985
193106
32318
133923
125253
31742
70367
194780
44755
57942
182216
198401
158233
11258
92129
105464
43200
24978
30990
75822
107900
144722
2878
120800
53258
8869
195764
175552
158865
16561
16856
95863
104565
198764
13883
2719
99197
187627
128929
166278
20543
136834
191554
42896
12149
176790
66897
9113
96020
36507
65825
142220
149431
132162
94073
44008
76242
41528
184480
187773
106560
90281
187547
145421
115999
128494
160241
177769
87633
82022
114437
130087
177440
171803
124909
146634
168080
67733
136936
169435
73846
48923
68445
86794
5708
189691
105058
77321
118025
158837
55176
75323
159493
176990
58526
58417
175994
179403
88603
123622
37702
44542
28502
41455
20643
18158
12498
12801
13646
18744
101466
115813
68165
43077
171419
86427
191611
6247
72100
136550
197332
95707
140150
147324
184397
114075
2954
62375
30763
4465
48182
109536
84403
192176
101587
83684
129870
47515
196693
3218
101079
197205
191468
73698
188363
78353
56910
70655
169027
92065
182040
8948
127513
159352
65244
29772
55990
139847
23905
91334
58070
22702
32270
183172
146623
33109
97721
30158
127953
163481
154918
82896
26773
94777
12597
73201
123054
37024
176848
55702
109561
24833
147851
189787
176634
36466
104878
187165
182629
140653
190555
38304
102297
120801
174451
30762
100583
123816
173398
148741
173023
73431
194127
174948
25635
133859
151291
30470
199503
5053
79183
18
142612
191738
164760
41015
38967
11800
71977
56007
73240
100144
111673
82341
162056
29666
127928
19296
184972
169318
185035
156786
147357
93269
96722
32875
91949
190952
73162
67129
96076
117931
3897
181428
161939
147019
106132
82364
139681
139696
94229
99360
195903
3167
122690
140612
118810
81901
88016
15418
169406
143503
128938
113571
51493
173951
191240
11360
110458
79568
27548
33667
134482
33208
53229
95992
96806
49884
80211
54934
67681
145463
133107
144594
159775
173534
122592
184248
188656
125588
123538
44361
156261
36077
113510
127490
86849
146589
18736
160565
165839
103413
176976
7317
86339
91807
35082
74174
12086
183044
28748
5922
151506
127917
130057
9037
39339
119571
104495
105515
186967
98968
104702
197688
15161
80905
107035
118747
44154
162319
177030
36643
31608
130490
35375
149011
33726
82524
74980
124640
147161
133071
131146
120682
38830
55495
28095
140665
102099
142044
8787
153516
31036
24398
41559
105173
10642
74173
109646
52213
198974
147463
10657
9203
158797
78026
314
49835
85384
94918
45711
139788
112482
195465
47591
11791
140028
192705
166571
45209
58679
189498
24744
191027
65968
65634
197189
138648
11257
21306
164055
158857
14106
106309
172393
73718
93582
166541
78992
121819
131336
181509
68682
66439
127881
29869
52967
13936
9471
28222
75770
58494
57020
170903
154608
95561
145628
42020
47730
178062
198595
189837
33295
158815
138786
145691
152777
7948
108800
39250
50307
111441
42922
116168
176011
188032
155131
125611
54217
134246
157317
116277
164601
25340
75070
145755
136258
26565
31954
188803
119042
23236
193511
122406
85380
18887
82523
49333
166181
137595
29472
106118
178353
71350
127132
11630
90048
73723
111736
112254
158703
114781
62338
39789
197417
121501
80616
83496
41700
43284
113486
112865
3999
140647
152167
198453
112127
196524
183874
158907
169975
25562
54371
189729
168764
196819
161632
123794
8983
150656
70516
55282
102920
18841
142966
113146
430
181811
14884
179518
161456
95939
98265
92700
110251
112553
117675
182046
102316
34841
125281
31591
85644
47025
141940
68352
147978
100023
98203
185955
69437
88256
181257
45818
110614
125398
84263
161253
196360
24548
110489
52537
78526
11350
191650
112146
103137
141586
166976
48540
161797
136634
67897
92060
199181
169272
84219
101738
42582
39903
14909
135166
45493
121251
97428
164693
139470
12634
97935
1710
120741
84948
174439
49577
109036
185213
173476
28903
76666
127778
94999
93457
14867
75273
65826
164534
151665
96488
66084
77947
146969
53147
182919
151302
151944
48460
171512
54060
13222
123513
23322
14014
132365
138373
115425
37543
33607
82180
77240
178087
44387
170344
49681
88192
6887
84176
143276
4881
194253
32187
90975
15446
5877
70647
98358
120962
50542
97734
117524
140867
124649
102057
123365
27320
117437
111520
186244
179299
90613
7733
49715
668
186113
40829
76435
84534
171395
89864
52005
178568
14522
60891
33966
6920
94198
7800
156683
29492
58254
113500
23662
91765
135443
198094
64957
184946
124089
54079
90427
12015
88667
176312
46093
80573
150426
71281
70884
156423
142058
176345
149170
162752
125225
108044
128513
34220
112345
49528
92998
135468
108669
83150
139326
95929
83220
130589
197918
108870
124704
181513
181383
94166
99922
62277
129455
118698
171015
187239
142831
146728
101248
21545
138574
153620
57448
167986
127056
77065
149457
68591
178537
121087
94028
109894
44094
78954
181027
127700
91451
32844
48383
12415
156631
144890
7397
186381
41775
91994
61324
144531
10280
166403
131251
126930
185168
62597
183428
55963
153289
103219
26249
45152
9895
169653
120695
32009
198643
110841
80451
134183
76476
49726
163299
11611
126322
44020
73324
87112
35235
146975
85596
82584
94924
15926
43648
6534
99875
139429
91895
42674
197985
135493
79362
110813
64028
8316
19359
175410
31676
169043
148939
163697
154424
3724
172351
103291
182098
98
57341
148354
73925
107396
199428
20935
168421
193464
109901
113793
103210
