62125
29978
148832
178176
39935
8793
191470
72263
183291
137113
195780
164659
61791
135238
26526
123608
161422
73592
42333
180462
151885
97694
394
113673
156543
76247
101740
148367
131461
16271
166978
119030
15472
44787
131946
5237
125265
25709
58107
165019
31104
9163
36224
145357
49803
48639
136166
164711
121542
48721
53730
44976
24225
114496
121480
112690
85551
139734
117306
107029
126632
106370
19592
106429
159109
37196
194191
76049
60086
5003
163352
197706
2985
2842
136928
192627
24165
130732
177227
141677
20087
168697
53583
136116
35523
136805
158689
81093
123683
19098
2098
132796
17855
114649
31219
66836
134151
109585
10606
88817
81240
79549
164476
194702
156994
154067
84400
120112
159543
72189
166185
77901
32476
63999
79979
181738
109654
12711
154193
82982
103873
34466
39021
3542
76453
1063
34809
156494
187520
7804
72945
180962
92900
75072
31693
164060
60629
121118
116868
188512
30536
188311
25427
196977
37501
84476
67269
165357
104647
84569
140348
55191
30732
38200
109035
78247
9773
101261
122643
97376
137873
137275
188757
162436
113841
33708
130626
167853
28643
50575
137038
11057
97141
111268
106443
86035
121190
87916
10680
163782
78510
156553
176786
97555
19003
175956
159091
181641
116544
127599
48907
109397
104817
132626
47030
164152
58355
143938
11827
111457
69016
129794
151053
155241
111116
22401
34668
9003
123273
134775
193922
39513
68128
48060
162673
187635
10276
184683
197074
1285
81309
91995
89759
82627
37934
185385
71153
76039
66719
152955
103022
106124
158222
29035
67912
13489
173852
95737
78237
88031
13304
142988
53104
55241
191023
43958
65460
109382
75267
105257
149219
4516
23108
26645
67436
125352
74858
188057
35608
117494
130396
78207
88590
172729
58005
41234
126460
142985
151265
127786
14420
109667
23724
81748
177543
19869
76653
69989
166819
19933
49053
92155
57011
11867
183941
128600
192677
10467
186959
107570
148826
10766
76495
23193
28087
114924
133430
53316
188517
25656
11715
23983
187185
162887
35570
120137
109637
40957
197718
56096
3699
130749
85135
142500
53060
69160
75455
89025
110463
12035
100907
185041
193708
166147
156294
34759
98166
138519
92746
172608
72012
56916
185028
68474
176728
33622
13455
157231
15609
141176
166225
112785
70779
159339
110326
39673
194353
160900
188209
181306
104507
151582
5983
185926
187095
109353
10049
116948
151351
174523
111454
52306
32486
93364
132402
180273
127760
77442
96874
30436
172652
173723
68017
108519
32513
163223
128241
84227
5168
172233
68120
51967
174681
67746
78660
64692
74344
68383
119212
164669
91553
164869
108608
50641
87575
171910
108168
74273
34276
161198
75589
71667
150778
122491
20544
210
14244
137618
90182
120525
158307
143669
130302
17207
123814
62741
7537
6837
188956
20405
49915
99172
162134
177295
148025
70569
77591
65062
68275
40825
22117
64691
182258
192427
149603
37552
103608
87761
142526
76669
84859
118478
62529
164903
35972
127671
146988
176195
121194
72653
133481
75197
119015
17025
50150
142003
129205
47753
179286
125309
38132
114564
92326
165014
94913
43338
148584
137087
172750
100511
84073
12922
123502
198489
136551
48511
146218
67831
177421
83528
58315
10258
128096
131071
173299
59556
141549
62131
187082
125831
125532
134906
166503
87574
128208
65587
53948
189965
46251
13589
29039
9759
1774
79780
32816
170469
82812
36501
103745
195732
132231
190431
178084
43803
123595
8967
97976
199184
99532
57182
113253
136449
99770
178051
65637
48442
75969
83258
31707
31146
55867
176825
159859
43265
12386
145538
52282
198334
95472
195822
72987
118203
125513
71936
51217
132408
180200
134136
117410
186923
129117
100657
166585
185147
159980
9830
65172
116542
199224
105375
155448
153656
139313
6094
160086
197936
25009
88573
175539
198090
182196
12013
97257
57812
114796
30585
123866
48492
26234
82448
108470
174355
196795
112866
151313
147182
124436
82942
123723
177134
94211
27203
125279
195268
22996
74306
73996
72494
23372
82657
14206
168166
75886
167285
80794
78939
50532
56098
131742
132726
91023
187740
144541
131920
61068
46884
41924
194086
132627
127544
141642
196438
28658
176324
75532
2354
142794
48433
194143
38585
58289
190903
115052
151121
110021
113938
134713
147021
134003
189113
165995
45564
154974
48613
162392
27353
23307
4919
166045
162583
6857
53394
43339
112286
26679
24050
81708
184518
93170
110
129370
126759
136190
139878
81524
27119
128287
150818
73371
88750
25129
67004
76271
46220
110921
53684
77231
95222
187421
157077
174288
28510
141187
35309
92187
11598
26345
7939
126163
92336
166519
122963
119276
196041
74663
129265
110468
51612
5844
8437
49143
18910
39314
130337
84979
95730
161049
116798
19201
147195
184250
81677
196715
137948
72083
173633
186334
4291
169427
76660
66508
198711
115399
12319
59993
177109
99850
67287
107278
192822
193197
71305
123878
138963
5944
190345
170115
67578
68775
18668
134784
146565
47150
110825
85477
142338
59205
138297
158247
114738
195973
48232
83417
99588
75833
67873
147809
94317
9390
111950
53290
18689
24460
65961
34612
64712
140353
174985
194246
198584
167510
25434
24245
101306
13266
144333
53087
177754
35036
170153
60207
180419
5869
167435
143696
87540
199819
53059
30956
121634
191686
192077
193194
9186
72056
7535
199740
138474
140039
108119
132841
69842
120526
192899
179426
137324
33171
78384
32969
74529
140969
100218
45762
101015
142015
17517
107850
171092
177590
2530
70523
54607
166714
198458
56513
191166
96991
92437
116517
32286
175645
5151
27030
167028
194839
47706
72087
89644
46497
85680
87616
70851
148502
34791
152431
4513
55105
152883
156632
152854
162198
199125
82774
42728
11528
185869
56242
174869
158633
135214
168817
69156
111495
40680
80597
2002
59342
176445
62825
195838
24859
93933
155818
39324
87514
70403
111081
3394
74133
4016
144039
29826
166638
195492
23895
186248
113973
43007
44186
4293
90904
120364
65409
11894
81553
150852
42489
130747
146410
64885
27628
49031
165139
118420
131408
105670
187708
110137
145243
119321
175070
71962
86200
94752
167097
120837
149475
64705
103135
93397
192558
183248
56176
10392
2188
91460
90795
86238
78984
936
63674
16702
42246
30708
84747
168872
75499
142013
141771
167153
51626
156302
179049
72597
162546
153815
88916
172495
181067
3660
113323
76911
50028
17226
158512
77932
10548
99326
181499
49494
101087
63156
102764
154239
99873
29548
183501
81026
173378
179404
186256
141431
173250
119831
41177
21904
65181
27655
99040
90602
123246
73757
182587
106097
78275
132896
159539
193558
98168
72070
148053
91976
152661
45069
127636
53065
121151
73091
188995
156719
174026
167689
116593
128677
9680
53554
55098
68214
94068
175650
162676
178350
167258
50156
36477
32965
99170
34207
178242
189364
121558
1685
22323
185191
12719
130574
73198
72155
153411
167942
157243
160542
93140
120156
72246
54911
85082
124052
95243
132100
175051
49967
148099
169817
1266
29168
95289
118602
30110
89006
7637
74610
36804
38311
22307
41344
17072
166492
141734
175744
148082
161135
122290
33264
46482
157006
7478
115604
175086
153546
9198
116271
57493
147319
153464
158158
49486
136664
26588
187469
80692
91585
9667
93875
146254
41913
182989
109977
67577
183962
34328
6053
46082
196960
133861
126836
35843
174994
159333
100904
19318
109094
185514
141268
134916
3815
198698
120581
162183
147716
56932
149719
27917
17630
163769
38643
78996
186830
115527
129
70041
117997
32766
27944
127352
12175
183880
199278
167064
154797
109830
116502
1169
107469
173192
120078
133901
195033
64525
176010
31227
192948
54857
152871
20233
184708
48760
9636
140638
9162
170924
81454
100653
152996
162028
30302
48108
134419
65462
188854
117396
146148
22419
191674
43258
197550
46234
1897
17859
49597
7886
89566
6919
109630
44885
103942
101014
135971
114558
68468
77902
149230
174076
106856
153029
89686
4064
49936
126494
34302
100590
75619
148425
88877
133338
16725
117980
61670
11171
189625
113847
109594
86040
45200
148144
78804
19818
174749
120890
146958
194601
124047
69712
43219
83102
65477
32773
159373
91226
185373
32005
123744
147366
162798
36101
31163
172723
43852
196631
32438
158362
71407
57876
118030
3884
174528
128767
108412
101714
166474
149310
52681
69018
55686
138402
180484
3905
14280
16547
98019
191176
126099
195861
72983
158474
13650
26413
30566
184315
92068
177784
192471
118870
72290
116540
96650
95832
117265
191034
42905
16289
8312
112073
49296
7354
81188
42822
183227
34177
40868
13287
10851
87074
19741
130972
110811
73492
86737
128400
197008
24395
14305
70682
193130
53823
47144
172777
58171
50773
99759
55774
177685
115274
171687
10783
88184
23169
172895
69815
48502
137962
85277
41791
7086
27777
76522
91026
183798
36179
66434
88041
126893
35130
163284
10595
171343
177932
187757
151063
111231
64773
164938
52661
74835
12308
186079
35064
79498
107810
62268
195235
129688
35293
23549
91387
66933
86791
75779
140049
19421
138334
4756
62735
56287
194831
106846
56321
137119
93864
121767
51529
76425
145273
105993
157563
117251
168309
153315
106381
152401
144869
22221
33431
120595
181602
168046
111843
64728
190065
132099
119381
92685
155355
170879
103440
66246
129301
74136
12745
163394
143810
30885
103525
53627
55396
53291
41990
60427
139598
131886
3492
63437
46665
86392
48456
87006
63363
103661
68194
64033
30284
107163
181093
112177
66033
121178
174441
68822
40556
135111
59893
194354
120826
71846
47946
144449
151490
9368
10047
143508
146373
92299
54822
140080
66447
30502
72761
88115
168040
75247
984
162846
55692
190593
177722
47327
46655
172188
144806
89376
101610
75085
109518
33471
58512
127230
183092
31297
14122
50395
136294
54562
106765
12131
178916
199340
197216
20437
111286
138765
169186
83780
130835
120987
84892
138490
180584
84413
96864
161471
127221
72406
44100
175358
66487
139115
192472
159600
97335
20030
89341
155880
62914
87684
104206
67871
14956
27708
25248
37625
78988
84391
180994
85341
171835
29428
8263
85591
175831
86272
173224
43384
70269
26942
36450
16128
165537
122194
8342
193794
191104
149722
21753
168337
75708
148238
40000
143883
20683
126965
198203
137833
131795
189579
159214
135955
78661
79264
38261
163502
7570
137309
51458
42316
73366
172131
160130
27623
189109
91541
78295
192700
133300
197069
49340
12510
169898
88833
91874
18298
153326
140608
82322
50592
67742
40847
9365
69714
113932
27429
4123
4604
184432
160676
173231
5033
184633
104186
176169
45447
36166
69566
184053
7448
60464
125315
1738
190710
192653
147838
96187
88200
75044
61693
129103
103
120393
154256
90500
37339
4424
59632
2537
123813
144563
182751
141393
28944
181066
194100
46775
198055
163846
159766
76059
102325
154038
172882
2044
198749
14184
168398
90372
178436
135113
112173
122510
186862
56676
84820
54926
190627
24813
24513
134811
144643
35672
36485
75395
67358
97602
95504
196242
171852
143319
117606
71525
176986
135519
58152
164882
54225
102790
168620
194292
186419
176643
121728
113565
187248
81414
179645
59727
195863
15783
124884
56605
133483
44291
50271
166928
181612
64065
160400
190303
38773
62730
32578
6189
98158
123993
157050
158610
105698
184989
98957
148355
105185
148332
170418
161042
10897
16800
110310
121730
59363
83177
62727
83105
182399
76385
167903
1688
107673
14430
146496
169583
195843
112264
160559
192335
95831
87672
74013
168155
37115
23838
66721
122639
138878
125485
88345
175871
191418
176411
88332
130493
960
197464
185944
188860
74439
169056
98704
109828
110182
135595
99179
11647
153621
54556
190624
168664
4669
82563
11130
195842
180663
103913
74772
196285
63018
167173
188177
38887
17443
188218
18688
36460
81090
137035
98136
18500
161141
37316
84878
196945
176709
174330
112480
39635
139414
81559
116514
59441
55852
33166
89626
187006
77942
94993
39223
35865
160849
132890
72841
32454
77314
183575
113119
196422
4239
113018
19714
103380
91900
48047
144762
76518
49929
100507
151280
163022
31833
151754
139608
196855
92803
173825
123952
154001
70952
59254
47120
181538
1451
25865
153159
78944
87438
23720
107183
11217
167314
25425
163413
63466
192211
181739
18181
42203
73465
137132
167673
90334
191695
106504
104571
185445
4089
49603
136524
20752
45752
11181
4000
59272
33849
153785
47138
106736
28535
98567
149867
122568
20180
112300
174974
44677
10588
117733
169843
145675
1871
170266
97502
165367
145159
83573
46067
15129
158128
189190
9906
122329
71144
4137
20475
106268
78863
17940
55798
79103
26159
54486
66142
51610
64952
135596
83057
44201
58493
149019
134778
48422
111696
90549
11783
77895
68958
127532
94691
113711
189708
103671
106873
25741
61679
101628
9730
104532
34941
58725
91272
33978
81369
155309
59853
119924
13435
54412
10230
112430
169639
18612
86376
143751
42344
145739
45767
31168
10436
33636
24917
166142
111408
48667
118593
154705
8659
369
30177
107175
28569
62095
123872
168450
12042
26729
177339
173523
173113
6180
27263
160839
107931
102578
62247
77744
122438
37993
46101
163881
185406
117054
13605
178295
87529
17098
3849
1044
171578
183538
110854
35625
58040
177555
104202
129183
73829
134193
73737
110713
120063
164742
191897
93091
179772
102111
158378
182227
180402
45796
155637
174727
36900
75141
51879
6606
190671
76267
10510
17544
80678
24894
145625
79462
99635
107068
174234
23759
64115
4139
168528
77103
4006
41189
101602
94835
98587
122283
198804
9695
76321
46260
87556
134452
190020
82586
61419
191055
164767
160349
16991
192901
102166
29678
103521
43809
155842
62747
186131
109661
46478
158717
122778
52943
33541
25588
56842
184116
157748
63789
18240
183325
143833
14444
74123
73749
89285
194521
48550
166499
115446
184331
105968
57210
17228
175038
198713
63451
83762
175325
124719
7470
89795
7246
158062
126620
84102
165269
183231
185124
56131
33584
94798
85505
42531
4156
67119
108147
34110
142422
99829
21483
170197
8757
14162
177286
39956
51242
157351
47831
101018
148602
51377
130726
150782
68521
45323
168931
50966
150345
3859
192734
166358
95150
10147
152130
183653
99653
179646
37016
175261
78570
95541
184907
6850
139571
27910
28754
160625
18168
17730
149452
33170
197827
17736
181407
197098
44932
99324
97936
103376
35539
181202
161950
196529
182219
77201
175686
129724
71423
20748
34487
146284
183541
5794
68134
136780
113970
128554
143348
112112
128601
104686
94795
524
81020
51956
58467
14478
198699
73459
33749
52514
12164
189335
195463
127845
131051
198383
83386
29980
62684
114461
36564
12530
191746
41408
48110
119853
184406
16378
109764
66011
59863
28544
88064
97439
39569
154930
192526
125795
42330
115121
157986
127648
77179
199657
181055
193706
178788
162826
139230
46599
14375
12009
126592
90998
150215
56687
68185
17864
90168
111879
188820
152969
78211
171757
6123
6724
57264
157733
165825
4342
141101
192174
21895
156071
107140
154922
114186
98755
7487
120176
139367
187015
170536
189519
162711
134736
20601
14379
23026
52971
163520
120040
4187
44250
95430
9792
75261
102581
188342
100232
2380
52728
44571
199387
11445
137661
106888
5712
189738
185115
21095
103031
68989
100189
33461
139632
198657
105941
51261
76430
188508
112769
65592
117004
5462
5288
151375
75993
79368
59652
117173
154453
135628
41003
95067
35062
78069
177854
168140
50393
151918
158982
10662
50603
39911
145109
194438
160555
36285
79051
103117
142009
194732
122516
22547
121973
16995
114655
150755
29966
100742
159822
163445
127682
16116
91408
93469
62132
97151
171322
57363
18389
94648
34076
18381
41682
86185
67519
78085
110834
92854
43816
10909
87490
109918
1543
68292
67065
81867
164211
187397
199420
43893
173033
17951
166455
67850
85369
9425
149648
8404
107886
30619
5114
6564
141968
110490
158257
119468
118674
136699
71091
153535
142066
186037
48592
36312
174917
171946
24613
86401
181752
188657
176376
22959
145823
186083
32570
87301
185933
33067
37413
62713
126474
194555
52636
144681
137634
122836
31920
137366
39875
79084
69058
59627
3482
194337
102612
137089
76953
44843
160386
123437
110683
148395
178651
41107
172279
39906
118229
6198
26706
15239
55185
134493
150213
125565
15663
4739
32312
105805
32524
105973
132894
107829
151426
94478
197068
66869
82778
79297
169454
11032
153117
155061
104892
67835
152349
20827
146170
29784
15989
123810
23225
141671
48977
162489
110094
173407
39031
91218
28190
106505
55574
131903
185496
31391
174865
114190
2181
92494
46807
178858
76694
194261
180294
12111
187768
27658
42591
127006
165010
50228
186319
136770
143158
184807
188178
186562
26283
187104
3705
27811
185911
108135
157016
93998
118144
36380
194529
176451
63208
101241
6025
189847
195987
110939
11072
185785
112175
84654
88891
45986
157935
13053
151424
92360
25814
170364
150093
130093
118148
153265
107906
78078
178686
86147
68515
192303
114999
74244
55617
156011
84987
59477
69446
74120
119156
66459
25308
110725
159280
187001
114430
131850
78143
83959
48210
2322
58131
57699
187742
97619
150969
47905
101781
99127
69967
174992
65512
108472
10233
11183
85352
199283
129376
172422
127180
4323
87451
49894
199936
139695
196114
44973
4521
95450
198947
27826
168599
172457
189883
185647
106725
105095
60404
101866
167821
136704
102843
94668
159971
147445
161537
109449
50968
150339
60070
159193
176083
199541
48074
193921
171164
25681
35835
8608
177056
38934
38491
5737
75936
193553
59298
98803
153321
120117
53963
110590
103050
23124
122552
89878
98723
131236
137012
49707
13920
114326
145676
111363
160634
40129
182636
124113
126060
15417
164068
173847
13828
173179
104135
32249
18507
168975
30181
29473
48865
40720
39680
48596
139154
185402
132742
171073
109674
99150
74672
10924
69083
184185
167354
11924
144391
51244
50112
37335
187825
199312
49117
84690
93058
63257
195547
184251
128852
39298
47841
126843
151802
96792
85364
158441
195924
87513
108872
75604
71212
13521
19307
11121
147839
63899
56496
69213
101131
101
104972
28981
172166
38829
198264
189986
127054
19559
795
46332
17609
138223
101590
86280
170663
60316
192765
199465
57682
185492
5703
47773
142728
10689
188539
186015
81251
36925
126088
165779
53453
142436
125624
189799
118169
107250
139581
88991
186490
139171
183264
54169
116401
193533
165090
162850
40497
120816
160622
110660
181490
97965
150472
169835
123250
105352
183089
107606
134043
38016
15743
196531
27926
193632
121170
86789
94878
163860
131226
56574
30251
103983
8702
59947
43
195768
25879
19876
145877
106974
33556
75193
62956
142305
52739
102185
180988
55393
137563
175448
104124
45999
23712
110414
49959
4281
154288
98232
169401
74572
92354
39189
191455
149420
78955
39445
177378
94199
30908
764
28397
102334
65277
130136
9745
1002
3610
170886
96093
164757
133548
123504
38170
132846
81242
94014
77334
62971
3524
197426
47350
115017
163304
21999
178740
51227
20440
159903
172817
44819
143133
144723
59139
77219
19278
75879
195899
114891
125073
77146
33549
421
141953
175982
16366
165466
162855
35768
51609
120523
42005
116240
135528
195180
54159
120704
114206
33800
97194
86868
103973
83348
179254
2446
24594
181616
114214
154941
56515
46907
133938
159947
24905
31544
76736
178225
66844
138126
28285
23327
108600
175081
84627
21470
3138
118766
35667
136599
183104
135248
162758
188239
32444
79535
26502
44738
90153
183244
68160
147416
199510
76401
24887
15160
182723
13401
111601
41379
161028
98185
71205
170636
119815
96716
28174
26299
138422
31343
82945
23095
100741
60912
12432
37351
55434
124496
43371
69522
199052
82722
7684
147911
23018
155812
187197
112273
149789
34865
189609
105380
44679
22907
69775
176605
127897
18249
86026
39563
130060
74518
85747
44237
100355
45964
161689
142310
183349
44664
22852
182338
178205
51435
131135
106746
121603
67894
3947
86682
10247
31349
180971
59791
80488
109002
171383
167429
144956
133965
192262
120273
32609
168404
70073
46063
158097
107493
100316
14622
130135
135284
31269
169229
146315
53531
6797
133494
112271
59505
156775
40161
69153
184147
38478
78717
122167
134113
31400
150053
160469
82007
72755
185972
100063
127878
164993
118723
92780
56232
21187
177714
6518
161068
193373
104598
142934
15980
55485
175953
191534
76511
24499
51465
5073
1036
114986
76380
100317
163607
188795
142169
45610
55335
35642
93725
170962
101650
72081
122961
12818
6206
17853
184142
5911
90942
131499
114500
141069
18752
170158
151999
77209
142929
149058
82804
59161
82026
105223
138226
11768
99599
121180
166379
27647
17130
88983
86658
28289
98386
55696
34100
36208
2424
183477
72229
147421
25854
41719
142907
22756
180087
177468
192510
21451
116433
28455
143814
112366
185165
62536
143613
76901
150073
82140
174773
24086
139612
23275
136443
31271
188558
147349
48007
110106
121510
199346
145511
57215
131737
181048
51092
183518
124416
96441
79960
166991
74532
78082
108199
20582
58395
19781
179894
14748
152598
73934
122116
124876
56982
31699
38790
111253
165394
151390
66413
98201
10101
140712
69661
59383
83853
59878
4353
154563
57280
110073
69977
191937
88677
30143
40373
138136
4384
41914
27690
122478
47140
140916
195530
180654
18353
61974
26844
70770
150934
138814
181207
52533
99426
90581
76737
162868
158342
191610
43751
86062
161327
117511
160203
190858
85178
32107
58294
63490
88688
70911
52673
94703
68762
156152
149726
148526
138794
199264
104642
49677
173954
16597
173304
56595
152052
71760
138943
65970
198608
61036
175854
181323
47467
90400
193454
33732
42168
182845
53558
199269
32538
133635
58504
57924
143770
164493
120705
96437
85932
89758
74458
73965
20003
145656
77558
144314
79870
73903
42885
35643
104777
28305
57656
14615
146078
50509
40912
167766
77304
45099
92037
1325
80882
48212
115927
65418
94216
73753
151989
113798
41541
128230
91111
147364
107379
41735
168191
114979
111796
80038
30817
16565
152009
167983
38575
166699
27461
108150
130150
7654
139019
103334
160966
78883
118245
98844
115277
188138
144423
20990
197717
169867
90066
73603
3952
18253
187857
162383
123198
121716
73040
112944
84120
174257
89084
12461
75028
163231
3889
104911
96719
27827
87774
143449
107117
43352
108709
73165
197921
159340
163400
7017
190455
144113
11750
123323
165973
155233
15409
172185
82167
74695
60426
180720
189444
52124
180771
70143
160535
108950
119439
141070
35213
61260
111577
154574
36952
137525
144835
169073
77618
89967
1755
118462
21243
70542
136305
196384
8777
32115
64941
27210
167098
19506
4833
13167
20566
144329
113635
111876
43972
98630
119185
47094
157209
70008
92311
51097
33624
124515
171917
46153
12048
23806
185936
115480
40977
139208
17641
100083
170046
162477
189695
13623
70477
49008
46042
28426
197732
91706
160977
164627
86192
20092
65655
178384
61563
35468
61987
140389
72101
55680
20093
187002
21947
48367
118327
43881
38342
124743
195588
156724
45331
191923
34049
186363
139264
170130
43968
171064
158050
26736
196853
38896
198899
89479
139091
199928
131102
102830
109154
86131
91003
187712
65082
30134
192662
150622
37914
83536
106690
71568
136164
190478
15823
91135
84561
105075
139426
166588
99305
14718
59445
62467
118576
11566
111218
169256
160287
17601
199192
61160
19597
177077
89452
157263
191687
120979
115498
27425
157074
189789
61929
43495
1204
8758
41842
147114
44663
31015
89313
146032
133542
136824
52917
169538
95193
199809
106425
196296
77205
31632
133293
166975
99125
69006
19830
40836
194476
165621
149135
75515
122017
45635
172711
190073
189300
107590
178629
106903
100724
58142
122160
194736
126726
158965
23212
109000
77564
188740
62650
184096
49173
41993
165217
120256
36031
167132
77283
129584
143244
103672
47709
164460
7195
87995
16067
88733
163235
85263
93038
196062
105428
146833
175897
61998
57587
107402
79002
90167
44920
196057
30386
50564
18499
37576
91141
138711
176719
135093
102491
173418
42431
21297
100768
38579
91320
47014
39604
48221
34952
151094
152989
172305
80337
192868
139583
167265
186054
16153
46404
168147
101048
177025
188433
198248
25089
132697
1454
90486
192716
181886
111152
80926
157973
98893
84209
147938
192731
11539
185423
65564
9205
99842
102020
16853
18979
6661
67914
121781
16204
35114
109417
33233
175297
74655
53186
198736
85085
170396
153310
71689
80261
39110
154928
174673
122572
180990
48455
187120
116470
175002
146077
151345
177726
92387
189798
154694
144595
44138
163989
17580
166072
124078
98454
175869
63292
22411
84810
164091
167645
191870
14228
185230
67411
127697
79891
66522
102735
76499
88987
34115
20489
23751
140623
94681
131748
188461
54997
72149
9592
84406
108085
36444
144220
178958
115545
118011
190257
29270
108394
199757
185786
184642
87131
4403
150329
185504
122974
115607
134204
185087
35060
8986
144724
31243
41507
148716
112674
151358
87138
174598
168703
160971
71177
165790
186572
51398
136775
129359
24990
194322
155113
164825
113782
66251
148412
119265
107734
51001
119581
27118
88487
32511
189697
116974
83346
104922
35146
122504
104419
30837
101647
183017
5148
115959
106557
152521
92677
122671
52747
98702
124390
42275
160638
148312
144539
170343
15208
67803
173345
192346
119248
131535
182381
18134
160629
96342
32571
136230
34532
111362
56090
192272
194154
73869
148193
70679
127419
85174
82357
168342
190223
40621
139525
193255
87789
176526
159408
195215
6931
45654
107418
120836
113485
171188
157430
34173
53790
78632
28039
199168
48382
4189
153109
27287
37467
15729
170621
192491
186869
5488
79713
187124
173667
144148
179230
95056
37281
147678
71604
102685
5313
68862
54414
187654
90678
141183
90639
23072
197857
17966
66200
85515
52228
139904
7131
126773
79850
34257
29769
71776
119088
140424
192
136317
187772
119243
50680
105848
97075
138847
15284
129431
194331
121796
43422
56222
35070
46821
142245
118745
139425
168115
67918
58437
123245
94815
10135
193261
69841
72871
45684
19143
122302
96040
121098
30037
43771
137344
46714
107546
183611
61730
96987
172801
137187
165411
120179
183824
9965
68391
65367
124620
130182
55880
133272
133822
10423
139100
130010
64489
18324
23162
165275
137701
1448
118034
135096
180939
168473
102542
10546
129717
19927
39652
92944
186004
99553
74191
2709
53889
41286
68803
146804
189473
1442
106665
60698
33940
109879
80304
69190
114949
39971
43057
25030
147106
121378
179284
174877
188541
78068
46857
127473
78947
168883
155530
101828
155909
11575
1799
132853
193037
128620
39696
197713
197534
172978
93371
5060
38990
73003
197751
55999
156196
187147
118727
4687
109911
64700
122412
104212
36399
4612
64853
20638
140939
2433
182537
130162
2915
162346
186681
52388
96670
121026
154954
95494
72320
97456
51976
22739
97173
159621
149691
59802
112258
36714
36443
8161
27446
124197
117637
181144
194296
175049
180292
131732
108622
51070
93313
108996
117499
151379
134855
176231
190206
84522
156186
82519
58063
102975
81331
187328
188945
54195
8549
26873
160015
11042
72361
73346
57408
11436
1277
179492
156377
147595
158142
184699
79138
79939
184520
166692
22164
154444
126769
20824
189222
191485
122665
72064
130424
127898
10695
190960
185697
38409
87236
20075
40811
23526
189165
156304
106508
10623
27021
194020
34543
88493
138910
169174
106483
98825
54559
84869
51348
123141
198859
2756
55655
14668
159962
67238
164684
117081
27026
14016
13349
114991
131638
58682
173109
175797
45526
109448
162562
50734
27966
167430
74732
99772
75421
40456
159702
194682
128371
130414
183791
198905
152527
193476
190193
63587
77000
48822
32807
89468
154093
119956
168010
66707
59491
125635
198111
191080
76778
155430
58550
25170
131484
76563
192977
198593
15174
20183
192236
126379
92646
130612
119906
117154
197663
147622
33247
160013
110436
86499
19413
159365
157803
194806
148110
24980
88334
121941
124770
189690
14847
58666
4117
61280
35766
12416
90254
25508
122834
118740
175773
51154
43782
142847
77727
79510
25815
178730
187582
21852
156311
36687
92622
128970
102882
119878
130067
171398
140626
135411
41580
38732
95003
9346
168075
184075
71606
57771
170349
172004
46677
127819
41482
5248
79356
40190
36661
38211
183048
69335
106990
170381
182148
138097
113541
179462
183792
129677
33737
195616
104652
173312
109563
190691
5525
38563
176745
40392
43755
136278
142683
178435
144085
11036
721
146109
164034
142014
155534
182197
157688
30937
12342
181171
2249
103896
125342
54082
20228
97230
188652
17991
146023
754
3743
155894
35100
128158
23271
110113
13916
55668
89495
159776
151651
74332
80277
18048
183897
103598
195687
118556
134429
155986
116578
81104
103288
141877
148804
95183
165620
32714
21590
69994
154791
173008
96092
168621
156802
55736
103039
155080
148346
4548
26982
154047
12080
80327
93163
105005
14178
105230
137153
187161
161368
56181
82111
87566
131439
152267
40301
31398
20407
86630
31537
138811
196991
104175
148148
39991
111959
30890
118551
130775
125527
166563
51216
13917
124227
143119
134329
99674
87926
110487
47700
73703
122923
125010
35769
119480
86093
25748
197794
49794
161579
128115
199398
119838
137825
184679
177256
155599
115972
123405
12917
76562
141999
15775
12274
113243
54462
155422
144740
27465
57544
25575
165812
129638
89426
137281
66152
120507
90149
27015
40655
101390
188383
141970
199979
99429
107022
110957
43223
83360
137137
84510
995
164215
130829
32090
106265
176795
149616
22798
96140
6825
32044
27747
102899
83208
177216
89877
65837
73848
149397
146024
93564
185769
38445
32626
131306
9984
184473
35320
187024
62256
193451
127378
4054
12128
140604
58200
119794
198765
86699
81003
152535
197967
147336
81888
127256
151002
55716
53068
146411
77551
5616
3831
9553
4905
57795
80704
138072
102133
69178
22279
179058
121856
162156
22753
31471
157004
198268
174094
9064
71224
44423
91822
142624
185577
75007
23967
178634
44080
161989
160268
49415
7365
188388
92869
47776
121656
91284
128186
192709
16699
191533
192412
87161
189756
76326
167371
73837
146870
89963
139282
139069
67261
140037
92651
122831
69399
109029
199952
172781
118636
64959
80047
41117
89284
130255
198269
102228
168257
640
47220
58736
96013
138994
70710
157537
77812
167001
108210
3425
99886
169488
109873
156843
32697
33479
141779
175054
45096
140944
147775
139961
141520
18423
155980
182300
46515
57309
143476
85881
51243
142335
136977
171947
186110
177351
87692
38511
81982
120494
96644
84707
194382
25287
101932
144735
133785
163336
50178
17324
55333
84670
196626
14875
25352
109355
6998
29225
20516
70755
182228
30630
129235
44104
169529
97290
63483
86919
194031
113270
108587
36087
100339
65724
148470
145074
46959
59194
105967
118216
149597
32459
7792
112991
23709
175950
196592
188910
173831
143455
99861
27475
121957
47174
139691
98705
163291
162533
154680
180808
131374
182937
105909
84493
31330
77909
57520
174187
174014
21484
9848
195829
187388
39767
155144
151543
40408
119832
79644
137064
37739
124951
188562
68836
165768
199867
154955
49328
174389
99913
38862
154491
12925
94158
46945
165100
34147
2652
16250
109899
13851
57331
149240
107050
154467
160304
143714
197328
70174
118056
186710
78705
184671
74181
57503
116877
32753
60095
71934
189314
143588
126193
178414
162778
139020
15534
23333
24955
161403
49477
14893
182371
93590
12697
123090
161877
42350
65744
30095
94573
9177
131456
130092
147520
34627
21382
92028
4383
144162
78393
103462
138969
66219
173310
128369
71681
31827
144475
14080
104392
17131
164799
91098
196689
62122
131643
58344
71706
176624
151233
85233
52350
54844
43031
85662
160749
187532
195978
82916
93915
191613
98275
5642
121025
140688
14705
31333
169263
73974
77432
133668
7754
65455
197092
161079
188372
156352
160126
162310
138654
113489
146599
54334
81443
38500
199393
75989
151612
188841
156483
173058
28266
45845
69174
25649
170065
181770
13744
191956
92132
134298
161949
9209
139467
96642
4700
75341
14371
40268
116973
35262
154137
11795
16017
46420
64173
2465
196478
123495
73907
136335
107997
191010
80271
40346
35005
166314
101928
172328
109670
49989
192696
196259
135107
56174
85565
98941
67024
151880
139003
55893
14643
82452
44229
85705
86168
35356
4790
111824
128435
57750
102946
108324
39061
84756
164178
139820
94950
92945
187338
31490
132248
46276
120283
16147
197797
99126
188273
41024
121491
39889
92275
89530
167555
123701
54017
190009
149477
42015
87784
90701
5809
105675
19470
99212
193433
93558
112972
150527
137794
132315
140650
103808
174050
66884
168006
19476
86895
31465
87982
86081
15121
186512
35106
170369
173370
64673
17956
133067
194567
103142
175574
175911
199444
88328
61396
51752
156086
55834
40992
91231
88026
1835
105032
105747
193413
64122
69358
37470
76708
85639
154225
78824
182529
164686
24301
154637
117358
11336
169499
47901
136719
58238
75855
105004
96317
37049
159960
27796
77637
20113
80368
158041
175551
63000
154855
44321
92298
35947
115897
177604
100781
6756
148639
161509
136797
120658
125943
193088
97845
118311
51358
24265
173984
10099
159968
91723
162840
153154
155743
25267
169642
32239
113802
93674
142080
182362
125733
188917
159661
87542
46436
54568
68164
6425
179174
174239
93763
101278
110906
81943
167612
43975
31764
59420
45206
103786
21949
159924
84168
111492
116944
138418
87492
73751
53702
184128
61134
62029
136242
185058
157356
68327
106459
176676
13182
117478
89483
189839
122118
95389
175805
115823
178937
190993
16405
114470
111199
6845
77574
48211
110010
24435
30673
9072
195675
101009
134992
120716
103186
173266
43693
167110
139128
512
97260
25828
142832
153726
50713
177263
188097
160209
160992
87714
129515
139005
127829
122103
162933
36222
47868
86501
59527
7442
120874
169005
89023
122775
102453
169354
43115
47558
32138
49464
148342
8239
23941
191388
126770
62827
80720
56293
98665
97679
152894
162742
199540
171617
89301
63123
118890
109529
57834
146074
147346
134663
175290
41886
47567
198102
109162
6383
92590
95431
129975
160136
180226
109866
2355
21997
27112
144953
80936
40220
138676
174394
146558
70393
119748
100087
12972
77382
25523
99387
110453
176880
198441
92166
79817
112466
197902
56201
176253
182941
141770
122996
162906
138998
190659
17481
35979
119227
112119
194472
102977
157923
79314
81933
3333
111473
106559
22342
79676
47404
65273
72526
188725
172290
122401
84834
32043
57650
80954
195135
75973
127047
192780
152778
104668
11802
2811
81999
143403
38225
193929
151965
181881
134552
26305
86832
24752
9
58636
5496
57042
190050
195081
23381
192501
33527
39351
97937
197440
25229
151474
3384
115938
115148
3169
13097
22102
142028
95948
152442
45733
184436
41146
109738
192805
195960
57452
132025
133357
16680
32738
138154
101387
85587
48116
45726
109763
59703
11275
106573
86305
35260
79466
117753
70075
143025
6022
45165
150640
146765
199206
183721
83215
42766
47195
197171
120656
103188
106197
10570
2293
199758
115084
89044
77714
189017
89449
190830
31264
138657
131166
155500
109258
26049
6863
25592
63468
13382
42485
132449
62299
106091
54093
69776
114386
176199
90308
25921
165883
107206
20309
178071
97485
21149
162404
20631
42702
123718
58904
171484
32066
197805
3114
16309
69910
127159
115412
143442
191116
196814
138331
103894
173923
110547
128688
198515
22333
53430
18817
63514
172391
172412
118943
56871
139014
195270
166271
79427
7890
114042
101243
9492
124279
126386
183619
85211
66640
76646
115223
122766
198471
164729
99709
58508
4404
176467
100862
32301
86411
81277
121455
73970
135796
170877
63549
49339
73711
12425
125837
180770
141910
4222
140260
162010
18858
156096
44683
96585
15518
45620
99266
186368
194669
137267
92224
182695
169716
91670
103042
56634
59110
145992
16572
12525
114402
174398
25830
4004
162884
96519
174551
45585
125311
91049
150200
178868
60434
34584
18024
54967
187363
190214
184272
164272
60068
55452
27782
42843
21519
54105
166995
183939
79193
89018
137932
137338
101684
143249
1916
154483
126807
78874
37204
1155
26952
94849
128156
120158
94833
22470
170658
127538
54005
119691
7554
193127
90605
19189
137098
145694
134461
97203
49647
74087
7889
100091
169876
153551
118554
193366
30313
168512
154938
92499
131540
22594
115512
136502
94415
174785
47473
58283
85249
10338
117426
108048
78927
103712
150244
173
29559
147709
63096
8525
93987
30988
191033
75868
145331
193507
184664
20730
102572
126850
32804
130549
123642
173649
4641
141804
176053
189500
176346
5660
45386
92740
165346
108176
122965
50997
160968
38652
68386
191361
5957
79508
97696
174614
77141
154568
126377
21323
33179
182000
83734
91010
28232
143017
87113
14657
58587
17602
129616
157997
147000
90833
34433
63871
4436
8022
43351
125086
33808
37529
99666
51311
194726
30182
178817
182413
50002
178011
148365
74271
136695
65486
160861
21791
60546
28642
78628
41355
150705
30869
153677
141316
33830
45597
39032
124144
152727
99915
109308
77729
176773
75870
39006
161221
5731
68637
56542
199106
132521
120068
57785
8412
162247
162158
69405
139530
118880
49470
78514
124473
76618
183298
80104
91970
4584
40047
73500
111734
72874
180090
110055
121683
125488
116126
51835
167378
24408
185202
37982
81148
16974
184478
64189
56723
1647
64161
133979
112250
89194
121197
147690
77070
108497
107287
10958
18642
166895
102255
105627
59408
189124
99847
193761
155634
143679
106206
130845
85272
93340
152828
26145
51642
150334
123896
18854
19929
87010
139374
104041
60881
190336
47444
26076
166527
120268
197724
18583
194659
75226
10087
199486
127740
92098
120479
119714
43307
149680
53998
138688
63439
91160
90901
48506
33838
129148
124126
5818
171033
170243
60007
4570
79321
78953
173772
28195
85963
188261
195200
96309
56170
117834
78646
173082
33260
49063
142965
19090
5072
89678
179420
6592
33440
30206
161059
145873
85063
156374
177141
173074
144615
3562
6084
170820
189092
16513
80181
301
148458
109559
156626
172316
195310
98607
117919
69235
141218
32870
12216
120086
78934
155012
181057
20088
166165
138986
141184
95746
191951
17258
161433
139062
196374
14149
116317
38865
62145
150504
90879
79871
5044
109702
64405
190811
37317
25735
110678
131073
35117
183134
11311
25305
105333
195350
47792
159353
56307
21766
177092
38168
145427
53642
142470
195009
82013
113719
180058
148963
122087
70107
28827
62059
58643
105372
23447
116152
89331
159615
37902
110250
106492
189267
127011
33209
62830
147376
110130
180896
43559
30395
42875
4955
86950
134185
107013
121555
145695
150285
167264
54472
19629
194834
124557
21301
141958
90026
4636
150196
116244
51251
45047
90591
125256
116207
25273
93798
137676
116476
107957
152699
101242
51571
196812
117421
133206
101545
91545
2084
150294
127731
118458
3371
101488
67122
84287
113753
147854
141282
39529
173917
96911
93570
152032
144370
157778
186889
60369
47869
6105
40051
11775
61380
124122
49075
19247
76008
16129
153039
181178
191718
37726
39923
137361
112813
15137
152121
65209
81816
152369
5205
9703
40164
191445
54027
61223
162059
84216
131534
35871
188379
99189
78694
111428
86980
182670
133374
159355
179948
2836
62368
17099
135233
13844
92292
146482
54554
59709
47819
168300
97799
1237
56243
139750
148828
53438
144320
78985
158404
121877
60469
21125
70875
105826
149422
151251
80878
178395
52489
173233
100627
178490
178420
108433
124240
103359
136769
174108
149355
7468
1690
72954
89535
55228
62762
168571
4894
125410
7974
2752
188843
139535
199282
192170
173050
23932
129555
3199
126363
135451
198313
57920
40754
96204
92268
56211
37542
149882
121040
146779
144093
195531
186091
85981
119566
55113
64899
77851
84903
39510
130370
135678
88038
150542
176340
160398
139933
162417
109465
77746
10831
13302
163344
28737
113567
198670
168442
51547
61944
141885
175632
52078
142097
97587
48777
176112
95038
72127
122466
34711
7565
189096
4329
168773
67613
198437
112331
192438
80452
61078
188176
57673
95676
175564
126036
160615
58555
36409
68696
129198
183299
109104
134462
92053
13295
174030
117048
15356
176904
70534
164281
174101
31568
132845
186481
18437
176716
25120
19336
106353
97092
45844
38759
22315
120835
14211
3123
147350
11376
105785
151618
176927
141344
194351
163000
148772
41066
128691
5572
172291
178994
43543
163447
171273
50192
86936
150036
108696
154095
6210
58714
110274
156376
130727
94341
44292
80817
71070
24722
150771
37051
149030
171714
63289
177397
36811
53858
99975
153473
101348
166472
43328
970
91872
33500
179788
105656
73454
51830
75208
127242
26378
175833
149564
73938
90037
194008
3719
23064
54819
101603
165400
100000
8894
157862
159504
46611
155544
76100
105047
173198
170268
168015
185151
73652
136482
75269
31136
198380
135015
2579
1860
184175
63868
39373
5974
3494
94987
60981
105955
171123
2600
155306
94001
115460
189224
177125
71752
170603
52365
190028
190606
69242
7148
192796
163794
100597
22357
39879
29824
80665
85759
164966
16504
28679
182236
68872
10745
75107
66337
37028
130141
26867
64903
6487
85948
88217
161822
78025
66282
104550
70202
108149
5739
6277
86071
66297
194060
134655
195287
123726
28799
185747
72131
51158
95400
45423
62913
41927
138295
182176
196704
116089
11935
118896
155767
96274
23518
156157
79822
194803
137166
18047
120408
185211
53789
141702
113656
75563
163183
159953
193153
149271
117397
39183
34387
91672
164511
96210
45113
88146
140566
117096
99552
21861
8050
63325
86523
99696
152492
165443
120310
7760
78810
31727
197517
91549
140465
87813
132663
160006
71121
14574
18011
175333
124344
10269
80923
115448
126153
136268
12433
150537
152538
179884
7823
126565
76893
107904
168341
36545
119869
7469
33799
157945
100106
81695
167769
82730
81899
193064
175066
188130
308
112208
186465
83730
179126
118235
169022
40531
87068
157612
25011
156513
44647
92269
41185
27345
83156
163969
145879
67470
147338
142601
37639
140719
166778
186300
144689
55126
20429
154425
31853
72313
183856
87698
57030
54801
175216
199191
156211
99258
172076
138894
50587
164180
13679
169963
127302
57899
31740
61186
92657
52476
174420
52523
83531
49479
7844
145482
172658
120449
187576
47810
111578
123330
39261
65988
157671
197596
94393
177337
132870
22057
124463
47325
16507
51990
65649
141391
177643
50700
153698
142171
61560
163641
150320
26338
180789
189104
139278
40191
64812
136480
78321
105745
44316
92454
117376
75547
120225
62323
72809
11045
31755
108213
90408
28485
195408
134022
141638
47396
190042
188973
15361
102613
21378
175206
194478
151359
116285
85861
192858
18960
64548
147928
125591
138442
117874
115627
177226
15634
147152
81364
133493
123092
25414
88547
83759
30453
130356
89187
24875
15197
135094
8311
133819
21646
23301
187219
15906
10577
31403
51241
9934
126142
61794
131113
140369
137567
154068
159560
152841
79881
181200
186858
171488
140833
92708
44917
107918
120787
165150
32729
10425
93056
137378
76214
78749
178008
1505
99076
97722
148278
105753
183049
176775
146878
139755
181182
4400
178609
85482
73897
30044
106098
184689
3818
117039
130946
192191
196551
102029
123556
184013
84352
146244
116793
138333
179650
172370
81305
123585
76289
19170
35822
159517
69175
74032
81767
109557
168393
186315
199320
184875
72602
126659
67890
71631
199156
176808
108728
88661
156605
169859
131365
44218
111973
118722
130323
181908
52143
173118
147470
81323
57348
96143
119125
4663
186078
132040
180592
149751
98118
78819
28625
40712
27197
129443
59922
110513
176474
68168
196306
73717
13640
75353
173854
118763
142229
136110
172866
145082
122214
88685
79771
127946
102481
168143
16346
157389
34897
88264
74486
169811
114209
123659
8174
38639
83372
75446
78517
151352
197693
118432
115629
2527
172410
83671
105894
77058
154066
194987
198671
174198
80263
17978
184551
163216
173100
170693
47862
97174
124947
163355
157436
61898
144065
129289
64814
147607
100533
179846
79873
98286
78659
38238
146867
102324
19163
55983
146092
151272
189211
132362
33855
146615
87088
91060
28910
28743
165393
91089
51787
84094
58422
138964
174037
133102
2312
84687
192183
127501
56767
159378
30065
178300
137527
48631
73684
38134
133683
105356
33999
46810
40179
184356
39543
159470
127477
175949
98468
74891
106697
81473
60038
38296
28121
186224
55462
176210
65525
98771
57837
145597
63145
62559
122722
140658
93722
31711
126009
5834
63431
67555
110504
83520
9548
30291
64665
18482
197544
157946
179069
120865
186370
87996
198564
63959
106936
117970
116702
26958
127984
134607
67731
148310
105880
120192
174872
27039
134375
24009
155940
179474
45367
106338
63458
11020
143028
72115
172960
167389
196289
157166
35750
24634
127461
140758
155329
150253
166392
159246
66063
162982
121942
122013
146370
12202
155578
16473
143561
134476
97020
29396
149039
127185
90699
101501
132960
119613
27875
93857
16332
143004
82961
96773
171725
165850
69092
120653
65044
89744
63617
38910
42041
98086
12242
54415
189437
161303
8952
105474
94669
60614
77083
160616
131265
18546
8899
113110
116655
54326
108467
132217
89249
56020
194703
53709
111645
13212
185568
23235
146149
15217
20974
193970
23992
140724
67094
87377
113606
144399
23705
159941
76950
177868
58111
21974
92519
9127
40690
84703
8043
111279
104230
180766
142514
179981
72148
162663
111582
139048
71567
154201
134971
54260
15932
167295
102966
180383
196139
191788
15633
15094
108068
135687
165114
190497
48319
40897
7569
140568
98441
112989
57985
84417
34837
127034
27554
127687
102428
190250
69349
173122
26468
23509
27786
173615
39283
150925
180926
166601
26265
89202
174881
79376
30682
174180
47885
126856
144374
119531
150403
15309
77316
119580
65045
31545
121222
117252
112911
864
47332
31596
58398
13564
109638
55040
64795
16494
129896
5729
95998
57724
55402
9149
54652
169991
87313
71641
168574
160747
44405
128375
31228
48127
102006
39727
172273
76557
59067
133096
77965
165480
99991
137994
68559
166598
51438
21327
20191
107667
43670
169193
26730
159912
5006
73850
110696
2542
114859
4305
77161
810
63004
116170
31577
139402
92233
181247
117033
26512
199111
89089
106014
89906
179221
146551
56458
155924
37822
12904
39536
4169
73629
59192
18712
54072
140373
63858
101941
41359
116158
75897
88240
82655
143745
123798
23908
134057
78195
31479
44581
153837
4141
160636
132984
30197
144807
58065
160018
31258
19536
164883
7826
142518
98089
69256
34900
90742
119641
33456
141694
55074
149749
134492
159110
127789
112328
44608
96027
18945
167124
156927
102296
15223
29072
148820
2826
171403
23574
138728
26998
14671
20957
183579
129706
23617
75164
53964
165681
18557
195039
143225
10512
182597
107632
61557
131090
159059
110077
149182
189960
128469
41653
64407
96447
83521
70072
31766
184526
136947
72089
120339
46761
100905
84780
107536
137125
4164
39632
63153
46616
30333
21516
108708
180169
136235
97684
136736
180845
149120
89475
144395
112766
46770
32204
132644
45422
91448
163575
22749
19055
165154
56658
81936
59879
20911
185629
48961
66712
191395
34145
140706
199664
104865
33210
164951
85155
84696
347
182550
63160
53865
72383
5092
98410
190164
112550
143885
1595
49932
92250
132701
80023
152037
152518
158182
99860
94995
178675
190934
50021
108454
82122
67279
181889
189507
16338
60627
169057
186754
100270
100585
13380
147484
177638
183246
130314
30644
25581
74725
138050
148999
177427
41332
62096
157700
75526
186905
150293
190612
16781
115869
174196
146143
150072
64651
74126
33501
151136
101705
195362
111297
83240
50435
130513
85
117042
22464
77910
67959
146086
164081
91403
127927
17507
113660
81150
199038
198385
178669
6963
128085
8969
168097
17462
149327
189219
162924
6246
103995
176220
88914
179263
92633
36210
20255
113562
199721
170048
36374
19807
137903
119671
115395
22625
16771
183276
111237
32092
40104
14123
151914
112505
33195
75700
471
74065
176328
161192
149893
34654
40073
127512
17856
162408
129043
165687
115461
142882
41698
197873
26195
95690
189269
147664
83945
20447
55380
58389
156942
148487
4228
83713
29258
26945
407
29093
114112
169879
66392
166529
197528
69033
139579
78139
114144
77681
13711
108770
51026
41799
162378
94495
85106
174524
17958
81610
125668
121826
167955
52927
184662
791
118337
88886
50782
186138
150485
143718
150828
92180
82217
36970
55732
77220
12768
112485
60174
103818
23630
126636
46183
41458
70447
36672
61843
26111
120232
132975
22106
166735
173597
5441
139444
45183
119875
128198
115909
121641
157787
123290
166684
131395
99593
10529
12649
9449
97703
97855
175384
92029
78901
14682
176906
10767
98092
99157
66639
163900
138642
130449
95679
131597
79735
47376
111997
133702
144013
188430
182590
94369
161335
78707
17468
181368
181420
40678
177076
57417
89945
124904
193104
39327
69219
56995
84907
142175
173891
74143
148560
24329
99809
7050
10444
6462
50434
172667
139388
173732
131656
177546
47173
138345
65658
4248
67000
55656
60006
109876
24822
199288
137768
7075
58145
50555
140315
152126
10379
13609
696
8324
41629
162083
196125
72163
93067
109419
98845
134562
149134
28536
130924
198078
41568
58151
168790
113827
111101
71747
94417
29247
78616
75150
66695
159767
117844
85113
78852
12757
50439
199436
113003
101859
60720
172395
9982
129046
141016
77878
183188
38486
143008
20923
9804
34195
151849
7534
14126
163883
199195
119855
127081
181871
49529
76056
176614
168438
168868
18383
161296
56671
95984
151271
63889
149034
144875
134173
106987
143546
135326
40320
15449
162498
27291
84478
81948
12355
54807
74040
199222
18727
96337
30717
135923
97070
41376
90391
103438
67363
64411
155995
149202
51168
20271
166865
105212
192618
179653
18294
32343
132722
37648
50060
46783
169774
95412
150066
106416
123992
65601
11716
2873
22544
117106
189075
170087
108965
127421
86873
72308
1066
170551
66
34503
131122
147656
151793
88678
125030
145022
29838
175918
33164
178842
31966
161841
82546
118569
139047
20304
120737
44170
17661
110887
9850
126116
55522
128064
128125
64910
191218
174864
24489
21983
148223
196340
113538
31106
152435
89713
44118
136826
63818
90107
22467
155477
21624
184354
180954
191679
170790
71343
92804
130517
169702
41628
70749
119376
23755
34775
176135
173453
77492
94923
141222
90854
188787
66395
76136
40110
35069
189235
123755
6966
158199
222
31989
8075
50099
20120
94458
108043
6972
140824
41636
111621
16207
9412
18006
55882
154279
149512
146425
92319
137568
20943
142779
41945
142657
198199
194577
79928
97417
43952
112435
127857
84701
108823
96942
38108
176371
74372
10490
3184
104474
190772
161635
184235
138371
45629
3203
166195
29485
79024
184377
188838
23604
24014
79653
189590
135141
154800
97531
190780
88095
62793
101410
163444
108606
65491
79515
43197
154939
109391
43242
105003
115792
136796
158133
69759
101424
190784
182024
10674
59979
80455
177496
134788
1828
172432
153486
4397
77108
79047
129083
75002
45482
18273
162507
58323
9824
159723
102485
28284
37190
42508
53166
188856
91037
42271
4245
46558
153877
31783
68371
125887
32315
69230
17983
130595
157957
88921
65274
27588
165067
36079
50191
121532
71120
53402
102172
70469
107889
191492
128131
105737
62300
154161
170866
19291
101019
102404
88276
15191
181198
124438
34021
100116
32994
37856
145750
7545
111072
59452
49637
145401
107924
187980
82766
78543
43541
26549
89775
166719
198362
160874
150317
8956
94192
189994
126982
33635
172573
125726
93119
22002
158110
78297
153370
93112
93518
44195
83332
107676
162603
9386
66567
90128
5945
85462
63368
149527
33822
17331
74508
55930
15326
46368
105175
52686
138869
117077
80348
45173
155981
107438
85912
182542
8938
4808
9595
113780
51581
10034
148124
193146
162744
72838
177067
60831
35063
20384
16982
25611
118361
16382
196209
9469
119250
121650
13025
115618
34436
84973
101253
196356
54919
168255
107191
84336
64088
73330
83171
180779
87885
77501
116905
179135
198921
113165
38927
25362
53443
165609
40154
147031
165508
93472
33816
54025
15702
44984
28542
23825
186636
140360
73852
23762
69070
64440
94298
45223
62910
49227
14214
50311
150476
163170
33141
142769
94365
188846
91981
149265
176158
80548
34802
33566
47301
133740
157841
130454
126662
109824
189543
80754
37530
113443
16336
27813
41590
34264
22184
190986
103664
67743
101567
184256
159239
77439
130643
91000
49461
156273
103965
11228
191075
183915
38197
66599
148887
124088
115973
105878
132350
13830
103864
128953
189052
158083
158232
10966
162864
112711
188109
68923
180035
30029
81571
186557
116257
14663
99441
31483
32952
70694
126299
103449
20072
192956
2509
177525
50453
166030
112703
115153
142531
16311
149099
178326
113403
188564
172929
141403
84368
4237
616
186132
122898
113436
20983
50120
167699
139219
84497
39119
110859
165110
77296
180099
104107
139247
187039
115784
117371
32889
46009
69304
184920
182948
129897
45662
165879
14677
123825
170545
119833
83087
173911
197510
23979
159200
28313
32532
123200
161909
169987
130108
169417
170704
60646
37235
115414
8469
168128
168577
144448
180553
31347
115168
27815
161300
199250
185121
183928
174627
133275
50924
153992
152868
66411
142643
164507
106895
128608
59040
189250
77213
125053
109362
15145
13881
73579
68656
153715
40637
140960
41879
28495
156690
175291
117309
53235
67560
22251
88299
64897
67006
3349
169849
43776
58372
160529
31079
68688
163181
154330
142032
145048
186329
173291
77328
72927
133895
109691
5196
99917
67815
32701
19479
33201
187587
140008
29952
116482
47437
47212
194000
127318
90148
24930
16960
173501
139156
61579
141961
98846
184564
27147
116390
78190
76994
72266
84290
162568
97265
93792
39917
167085
4858
81406
146829
65926
174592
52158
1039
192940
194512
29892
43226
123616
42678
167795
140808
46358
45161
79608
80235
95523
130285
106674
30879
123089
150520
162769
64668
167326
108702
112369
186653
29304
21529
94801
65288
100323
153792
104640
173833
77759
176816
182574
176654
156287
44409
144087
145433
15816
193449
193816
846
5855
105470
40358
71051
185707
187599
199027
177296
38209
122970
99855
34836
199912
49852
175716
155656
150083
187721
176074
135740
119834
187154
154885
29585
115509
11891
60785
148540
152568
18202
43053
114987
112568
8893
105660
69547
41250
38448
49319
74257
10357
161038
36088
136300
50965
85800
6161
8474
185838
27630
134999
184726
121582
189385
69106
14761
64402
34112
186122
153226
198709
29164
190254
128543
172081
84819
23426
55914
52603
106826
47435
65413
146385
1255
22242
14660
144321
185745
112285
15591
42161
104712
40131
196316
38163
158422
160340
186663
56887
69860
110727
185138
38319
51998
75812
55558
30324
29780
84812
144833
128335
32705
131027
22861
135152
56818
92669
34052
37337
129531
42759
74947
35364
64865
124632
45561
95590
16438
48109
172104
86583
71410
76458
17962
50017
81086
169988
14308
21116
155451
88935
39016
12759
27600
55740
106850
148010
43966
167225
83094
48031
21703
150954
197481
148547
131463
123580
151324
36329
173463
26951
98364
111612
149237
97189
105037
94756
60630
182087
53155
115264
180003
43538
19498
126745
75246
57079
133886
5105
83515
29643
12907
90291
92055
6242
42681
101332
78711
117000
66047
79331
39663
123116
38157
10459
23255
86370
46355
183569
134179
164039
51941
12305
147412
76733
186022
13820
159797
149478
40413
199376
21950
6958
68544
71228
52783
74735
78194
46306
48691
164062
195845
160783
111626
7708
99135
121344
146582
184669
43176
90651
184992
129519
142131
56892
107173
32685
43497
151494
46534
118629
70185
129566
87846
198745
8442
68430
51977
97380
450
157610
70145
96984
51702
102096
53475
29107
1811
188351
102626
26370
166630
108829
70436
73857
89863
161023
130743
25307
51028
55516
173255
45673
31116
41506
11689
93166
119378
11185
157529
156641
156647
83716
149017
3223
79726
5759
20711
188314
101368
98209
3372
13075
80563
160518
186707
82867
86138
110615
186684
12834
86625
70342
23667
158205
47754
119567
17405
165473
37533
111430
172243
41639
45863
127930
132738
120052
16630
122487
43605
121274
115347
99965
83260
103199
66461
59831
60084
197375
164223
143735
48717
110926
42278
19244
15193
165073
124963
102677
177105
10313
31256
152482
78889
88972
14686
56278
182489
60923
86581
188076
196334
124933
180156
18214
111970
141733
114819
130399
117983
42331
70935
132589
164096
199406
35347
82847
145270
7013
43820
158980
2319
87155
149649
4593
52540
161237
94155
184111
127104
130941
63021
116479
28689
173071
99283
117632
227
81878
64074
58846
172067
72776
85483
173472
190564
67608
188970
14914
60258
180486
49870
31430
159943
127426
169347
160375
165532
155731
135618
166237
82796
141007
124856
6058
35129
122799
46095
84435
170033
87442
3790
41109
161862
45504
60697
84213
49928
185978
27994
65359
107032
23005
169384
50268
173406
40670
39794
110676
121321
26553
59226
43447
71913
128697
193781
178100
33580
163263
197568
116397
73260
78066
178029
48899
109862
82131
122538
93012
165937
27586
106651
74651
144659
154737
74070
188475
198042
169459
1084
194694
107793
19211
113527
193718
71579
167311
124110
17473
4343
163695
172525
1971
130218
141572
54972
20800
33123
166465
197619
189245
28634
80538
66113
149818
117613
142836
129621
198911
36737
39340
19832
185546
17307
172300
130811
30498
177391
42074
5251
29313
95391
85997
51299
110085
94254
31858
168630
66654
128165
169198
15752
141837
140116
24701
47324
149197
194765
69515
133349
167115
187227
15336
30752
194190
187077
21884
136703
47891
25186
47972
88001
104427
100056
46754
115363
70985
142133
110131
181071
172690
133958
28784
82083
189887
21392
181492
6127
124145
181579
1086
91183
76876
137705
149715
47736
188268
51799
23965
29190
72829
159581
159777
116484
82415
95895
195426
191813
134624
173624
63408
8411
133873
150308
93623
90085
5588
163529
190064
120274
3853
131972
67394
25336
56635
45749
130619
8109
80906
74100
34268
148736
124786
149109
167303
14209
118595
129632
17012
143218
145045
34621
120674
38578
89136
118261
126794
188453
91495
163722
191433
174636
119849
162501
181882
69344
89567
127420
196094
58069
93227
58048
93035
32696
127523
89245
94407
85114
33931
53757
78294
42113
78449
146670
178587
26522
67263
155713
69199
104
152424
1161
3659
133735
155845
782
107254
117479
6742
50693
161983
125671
14298
30622
100241
77613
179017
170167
147175
26418
168735
65215
2937
137019
79708
3029
15332
124795
158112
65300
171871
79639
92611
75682
49949
160279
47299
23663
48621
186637
61809
136424
168182
70064
35196
2816
66837
151884
168346
19522
154573
27597
68503
45020
183126
55625
129848
76591
168699
154752
116092
129128
7913
185311
109462
172502
110532
72343
186077
149657
78900
70039
14401
93757
9519
107770
189606
161561
71433
158433
96693
102171
105511
180665
152384
55515
166458
188898
37778
136640
104467
111135
103738
46298
28980
133884
135670
173909
51562
151205
100589
172429
134605
40593
122601
120041
26451
182180
34991
151769
24155
19682
189571
165993
39684
181483
64058
187070
149638
95487
50720
192718
42890
47328
38860
153675
80831
6013
1327
7745
104309
110238
68991
127386
148001
154369
37622
76556
115636
185508
92624
84567
170837
125925
155505
41362
26881
97903
152309
136983
58861
10369
35791
85340
8129
46985
90493
4948
189791
46227
30087
75697
39371
147245
3656
105400
101328
79332
81814
169542
192793
178849
26095
130263
197388
40826
174462
113139
148762
115634
22162
70979
62949
107864
26341
135702
121817
162655
73474
20038
99812
6607
140441
19481
34001
124083
153597
46470
158459
19534
152484
77505
25066
109267
130799
40269
45021
78931
96115
159077
196635
90295
119863
52225
108471
38427
111147
165315
22632
34663
18985
139889
79009
123886
88989
112464
35748
180638
41535
183182
166395
35299
166635
88196
190683
182709
117525
44022
11097
41802
127887
64303
93924
155483
138177
247
92019
66271
121105
125093
32235
54460
116146
26303
159510
56889
116623
116860
110276
95105
50433
34512
96161
33880
57911
150288
115553
6333
99897
153994
44357
13422
44739
138363
90511
153133
137412
81834
13660
166017
162197
37653
15693
113304
77781
190754
175474
192372
94446
14292
25260
46269
40691
167984
13094
16122
35489
166163
178799
85351
44067
151569
103599
106521
128044
166431
177267
107240
140151
103012
189599
151103
171464
199560
30900
57335
194849
139161
69953
97027
29563
7766
103442
68364
178846
8472
46843
37301
3240
135506
68158
193214
86231
175267
48764
137048
176682
168365
89102
111480
82019
143205
3462
82990
120692
12122
175108
129047
73978
140349
83509
29019
75570
98963
130307
24552
169283
83787
145462
186406
55365
20185
176568
191675
7647
23129
84894
93465
174802
104246
852
57301
33274
109092
97441
46582
160048
108331
96694
73139
43355
153368
31852
22179
7822
59325
42119
73129
105187
38620
20558
84726
113863
192292
82438
43167
45248
149320
474
58544
143278
135225
164887
125180
185414
3
43430
34540
115754
104081
125313
148574
6388
85105
123492
76692
175442
181429
105549
107824
113983
164445
26349
83866
190122
183202
59708
14942
181742
118372
36924
104143
42462
93108
57495
79401
98192
47162
140711
66129
129420
77274
85410
165063
120518
86219
136302
121307
41364
35143
76301
150667
86796
165151
16225
160621
76590
195913
83199
13165
170016
130289
62557
136790
141202
61854
22138
91393
176663
172187
176187
88125
81121
92276
129842
93918
198942
6173
169169
25471
152279
73263
181503
142858
192848
112407
187265
159952
61815
72580
26581
51503
48659
171342
183493
188506
100360
17687
133451
5135
125605
41
169897
150540
100432
129841
71497
141881
11629
154500
63355
127346
17120
155402
42163
194057
2388
140603
157328
84722
59673
4991
134925
58903
112608
148493
11868
58808
71535
5066
172555
103422
35764
180849
166804
181072
120504
189686
140498
37508
183652
40624
27606
159047
156935
99942
67163
129568
76186
40028
149509
133144
179807
73495
126527
174677
63460
36090
172421
4412
92972
175861
56231
92115
16801
66792
168121
142444
44206
100708
89200
155301
153659
189870
87399
47374
106882
25739
96050
97966
166023
20867
47654
98871
105620
175392
39404
130551
117593
186270
4826
92097
131133
42917
131633
6855
180658
69029
161644
146953
15619
131606
53416
147166
108841
30454
58036
5753
49420
138949
190105
120852
52790
174304
55768
74492
18808
113815
95709
47069
181530
134306
69816
11218
1677
115268
84824
144868
41724
162948
57118
154622
108341
143086
103603
52567
75608
165606
179346
130189
49632
141217
142471
73878
42624
142828
131675
4967
86180
57277
69628
175221
189769
151316
183316
49524
5035
62652
79742
196656
147415
102167
45950
82978
108500
144211
114246
166543
35422
21560
19648
154270
55839
48690
69240
38444
95885
182945
185620
176667
21227
103099
96721
83607
101452
46075
129981
170991
152315
184968
175915
105316
93325
40277
140428
176620
108787
21628
84872
57782
124003
85909
194468
20471
145650
115033
90682
111983
169959
84186
99325
163007
22447
123737
196570
120292
175301
3876
162335
102585
98363
193950
108293
111703
16020
75924
4591
148402
124303
159112
130354
186157
167272
24743
114653
59955
26677
37722
74876
17053
187473
164814
59415
148951
51961
117400
148797
88955
56958
171667
186176
44489
152842
73585
35392
89371
31298
4381
48536
172159
183032
136237
164847
135049
159689
41888
92864
191296
109725
182675
86986
99672
185466
126570
162922
69015
110421
145146
1187
38262
191867
33156
8708
37666
119793
47427
133324
25657
158143
58541
145779
79832
163139
186685
20993
85125
8238
94093
115041
153502
193025
31584
50359
101938
90834
108436
9639
86634
41058
119296
153860
49875
119893
72411
53451
55194
40174
145987
97543
119544
37950
52730
70611
81757
181433
56435
130489
107308
159264
111144
93982
53834
4642
4832
94699
182436
104552
156952
144696
40383
6207
49153
43061
31926
11878
171081
94412
145709
55580
121871
20343
43012
143943
163147
100813
168226
157064
118061
113729
143258
190613
177430
32935
15915
15934
196892
54892
186358
19382
105989
21595
168533
98757
143141
72228
130280
167618
198057
95330
18569
44510
86958
43288
161844
12691
48619
67997
99954
42717
98038
75807
57688
110479
127164
162511
9202
37430
64530
14611
94789
91500
17166
188561
184224
118701
136105
128120
47542
160626
96325
116345
156851
135424
135551
140667
79101
149906
43451
3453
155853
197305
194796
162185
132419
77662
110192
14458
98795
196453
198918
7137
72642
141551
181703
67073
16036
144664
135999
117893
68751
191751
163489
143719
88415
5676
43210
59143
126082
16788
195179
199843
33364
126108
46339
124224
19831
8921
111166
153357
86221
61319
68782
1386
2660
16334
184490
145483
33108
149542
146718
97630
36012
87735
32498
199085
39745
156368
55713
41388
99098
81275
40112
39873
184464
70984
152782
60311
120199
152263
63429
144510
29595
82269
169560
12123
15571
38953
96466
188081
195896
171427
126569
187579
167626
86575
23342
73827
107550
90396
98083
114785
187580
118274
116286
33219
97000
1056
110007
104242
113391
131274
104335
162731
61882
94006
78221
153681
14596
138908
22609
7617
107086
32936
22746
96898
182243
137459
61352
60788
115368
9308
99140
121601
62725
81426
93532
168000
8764
76785
163680
91411
158298
96561
118433
100007
113981
95521
35778
165486
84245
182958
188117
126407
71388
182916
63516
34666
81726
106945
147262
120491
47687
96772
148536
183719
170558
40
174501
80557
195984
86681
171422
186325
191360
55603
133245
34099
173500
10287
123182
183693
63224
55222
111196
139491
95937
123130
167086
73048
87176
55869
134338
117108
140259
118678
60153
66841
153392
4474
154267
124028
106385
173368
169137
5150
47272
81800
150270
138917
194010
76184
102563
88952
188711
166462
89825
135487
145191
38907
172041
3996
44536
80371
38484
140166
163318
52818
29003
196439
97035
166789
182469
193917
125777
80585
91074
78688
70538
6760
144536
22353
18321
2174
147225
116537
184571
64165
109216
21300
113763
65018
171324
30321
191477
23311
56573
72924
47523
151622
43696
155023
135277
196464
162978
43372
192678
198222
72479
155385
48468
16851
168642
14807
106606
154379
172871
179422
84705
87220
171595
191941
143580
2967
162051
66514
108206
172292
40465
34894
74717
35986
21489
105487
95539
133267
167651
101986
123963
179719
195028
116450
52474
181008
141154
8892
22466
57227
144170
84542
157270
174393
83648
125455
7665
161570
151526
132208
27463
156903
67955
147034
103844
75739
84746
125133
70707
44765
181991
109727
139312
32801
78219
71592
144978
90255
120862
153512
102027
188121
9765
70025
103379
9976
189647
197239
24802
13440
