194470
34054
154595
23378
60851
141157
53008
66549
106027
93707
50079
28135
155521
117522
44481
157626
97642
106788
185047
36837
117782
136374
8812
4907
134680
161092
77860
189363
684
81387
2134
93256
57022
123957
111652
183210
176562
146318
141975
140201
3312
37806
170742
42850
92080
4163
108090
158655
172603
157113
166963
136003
61748
1918
85634
199672
63802
17385
195055
166420
170129
177106
71314
166971
4611
91878
199571
165334
121112
2680
55124
113131
165554
135578
87375
20100
126100
94507
13358
47733
1223
159717
91472
186730
116566
3906
31859
130706
2421
41958
130282
166230
159429
1434
93561
130031
180104
163540
19180
54734
167803
189540
69020
45263
113421
25181
73738
198103
91798
31735
105700
7870
184950
95666
121910
82984
176015
132201
164607
59266
87585
75419
65063
27298
11444
154890
6986
77568
185154
17289
37942
166208
7832
184777
117969
171367
167625
112954
89238
72762
55344
66241
51281
39771
177461
120450
102663
187861
9102
20542
86003
54581
191978
47361
13061
46360
189665
49865
199334
112009
89484
33892
169006
68896
175767
43702
143961
60524
121660
125548
191072
184794
91767
198561
111366
137217
161641
197268
131764
62881
152135
4477
140528
105213
49957
81668
178997
151238
140884
148948
2957
183277
188931
23278
154380
546
85060
51247
61204
180086
137268
158279
85763
50077
183170
120957
294
113475
112152
103067
144134
27068
120418
126810
51770
61719
48778
68486
142116
1657
174140
113335
174680
175363
25236
35522
50949
153116
10153
134582
161944
2949
110527
88571
186397
36437
196332
69676
57261
93322
151817
147834
36198
126846
144633
119353
135085
195728
116141
25566
36937
92971
2550
191358
179908
195949
125443
28637
151881
134791
31217
169730
124566
152630
112292
102013
138972
53650
16815
172436
83717
166561
35282
67779
76895
74540
145977
115397
62418
137174
173937
110509
51678
94886
136600
196581
78075
65963
127573
150444
108864
21942
112726
98495
191889
184094
195430
130602
186053
49892
173848
126154
198838
127226
197360
88181
74560
153995
92805
130610
79400
184275
143860
148829
26323
155545
113725
197392
169971
198434
119991
67614
171283
110271
172085
136779
188946
193695
52459
58216
42354
101041
67425
61284
20952
182394
199381
16898
187720
148032
166175
180914
165712
83455
91293
119718
137756
59077
80311
117843
147951
16930
127480
145428
112374
80309
75281
110864
99685
199884
10252
133826
188115
75686
197300
197112
136684
79836
62896
75981
22071
31164
73651
170988
172938
188748
15475
66420
38828
137592
177783
163248
108550
77286
63583
68553
7842
183489
176432
143733
87435
130900
169915
29138
189438
29711
57454
141645
42130
54019
54999
25403
165574
134836
58618
179268
149669
199287
179669
75000
156479
112802
95242
188215
64563
63444
7917
15694
188317
63629
126447
185640
170174
99502
40222
71822
183534
181278
119269
48121
78518
29391
5728
135247
149880
12678
37609
95152
3924
183517
25682
33933
63658
66424
45563
106086
103121
144024
90055
60880
146163
104665
29427
59987
136473
151743
81603
195754
170138
12372
61530
114184
90201
107610
119072
165974
156673
135745
117370
187937
68516
192581
172889
149084
66954
123716
58651
164872
117409
24207
138946
75543
142522
98852
190148
115519
175150
63542
147084
178363
64609
35574
194716
176538
167353
88476
67059
79154
171397
91465
52400
34278
123139
112200
89723
128415
94838
58959
100560
178172
128544
125047
107588
126114
105787
175853
50702
119592
8187
52287
28918
175749
7218
189467
131710
117604
50703
5574
136580
30672
25557
70527
189449
9866
42304
151941
88845
197197
61866
115865
146331
51183
127978
46642
162699
3460
34593
91425
166771
81477
130252
14012
39816
191634
191132
189923
79476
6231
49414
84039
5263
150184
48846
36556
195823
165015
112502
103194
97686
77004
47857
158603
152092
140505
178912
156777
100572
155999
46971
50673
85549
93431
25130
146576
34754
61317
23214
157235
195409
15445
62452
19352
139204
8213
189179
25788
182895
92896
26301
7492
89996
139766
192011
18511
131687
9593
27226
137931
36904
165402
94056
141443
68804
198582
161959
83126
182212
26150
126150
40293
171153
30573
11233
46469
91617
73422
109037
7515
120965
35674
114712
161685
88079
17093
15009
33611
9586
74069
145213
118290
182434
171238
156869
36438
189398
98169
89939
101701
34708
58700
36635
199774
122654
168793
182994
116372
2394
180330
170870
128167
149500
186744
171106
131908
37207
136384
104968
47135
55771
152106
68532
105221
81483
136296
92571
184914
89272
192929
149979
39436
75184
43857
192746
180506
86607
47474
43724
12897
146577
21603
121746
29189
142459
84950
167056
72380
424
75344
152888
49492
85243
28281
52227
80376
192566
71366
105069
12441
177389
129073
126393
62998
850
109350
171892
49017
148753
23101
127135
26614
170682
197223
128168
101604
47011
162756
67083
141445
95164
105254
81247
53067
190831
77519
75655
86654
43743
74741
158207
171326
148230
173034
163374
170126
54124
107608
2943
151050
158641
104200
125634
1991
146110
38309
148895
28167
164331
16265
172244
56556
91302
69586
110812
11434
114510
136054
162295
87025
199925
53200
196021
184990
31899
122193
168654
41009
112202
125977
187032
90665
199834
186563
62200
91022
5968
143996
180877
826
181465
3458
194870
154322
94575
36936
136419
197838
132356
40980
168506
111251
100965
57347
136312
21286
127383
17549
70428
60395
3687
198654
83465
52264
197007
37890
20081
38744
95861
27909
131423
198164
182601
180111
70405
84797
190592
2374
104672
113666
93136
76577
119266
109166
45365
56849
140592
41017
130783
108621
67430
144571
71025
160600
7081
191656
137547
51878
180389
15362
132113
42704
57126
130113
173677
128431
99504
179725
8256
93551
113379
814
35732
198250
68776
143966
59455
71587
181063
195571
131570
82487
126595
155445
53035
55985
56250
91081
195175
174336
85968
192496
43125
92340
22874
69301
5982
123385
68441
57064
90962
19796
187849
91680
79481
169024
48603
163593
118876
29317
25883
49242
44259
179393
107110
93174
54664
150177
30807
182609
12024
164403
107704
88862
90453
160823
47321
175966
127492
33967
179476
16388
488
78774
70616
36563
4655
81128
762
108214
64183
111662
49610
87266
180281
157637
130944
135402
27544
112634
82821
4417
16242
13186
187648
162955
152465
167605
158921
28269
64775
38093
111419
61316
126252
2899
43514
6211
144185
120085
190204
112680
42714
178670
115539
59616
29469
149531
136050
19853
127960
1087
43812
176969
18928
137369
157543
166707
19422
52468
1377
87157
109368
105181
4596
118316
22424
184934
173417
46773
164166
33788
193753
161693
76805
191123
173729
77748
67335
27367
14684
24537
131426
168952
164792
130802
77469
151932
177303
157084
32045
177887
20561
168606
33721
84984
150388
83277
145930
198131
131318
18911
143641
1168
41048
159608
18045
182884
118195
79899
30690
134945
91351
134235
180781
54980
150115
49941
133649
75054
76762
16110
187209
167520
90727
50277
75065
146681
24844
17799
32256
37539
108705
195865
82465
176899
8709
145381
61428
52522
64572
97730
190184
13162
134233
641
49819
20521
157786
136399
14901
51482
85999
44497
190523
103920
125300
172539
140230
78343
128575
77061
188826
183793
88262
113065
192723
69981
141471
197270
147877
19541
85044
103227
65317
79236
64060
138919
103345
115314
23113
82923
164299
158729
83186
105932
105542
154910
162832
163391
156606
137875
67682
84573
28352
81436
116579
143160
129331
4798
109534
84331
122818
132264
57614
18303
74198
52999
93568
28537
126202
26943
129024
55488
142268
49869
20063
177379
179081
154240
166191
114448
76036
54114
138305
71012
114523
130385
38733
25117
83421
153152
179597
43035
171118
103780
110459
104864
167867
151790
34403
181856
145931
66143
111219
88885
28829
197117
183034
44640
131530
59639
81299
139668
191431
170103
4401
69448
88522
120909
66896
90672
154913
174338
51822
146388
194263
83154
170171
83502
15805
91315
66647
127323
136923
150820
191849
42909
158438
191000
15377
157774
145705
135237
70752
8246
169280
179143
108498
86697
117665
183361
144601
80877
36226
114660
177823
174242
33925
13523
100563
110853
46035
184261
169330
124911
79461
50745
49741
182512
151024
153426
167946
112748
192595
96383
43078
70993
168559
44762
49003
171844
154650
27063
123235
142364
31145
67459
76918
63683
15024
91901
22194
106539
168996
24481
184308
188333
104062
51330
160623
95187
71431
125246
164650
196967
34673
137405
77447
12751
4194
178871
35647
105727
158251
132463
79875
128348
108697
117320
34396
172678
195008
27401
36544
81600
66944
94112
27441
164802
80659
56604
16493
128628
42267
60037
173836
123910
192399
30607
77969
134761
189882
15957
144617
92346
15424
104089
190469
167614
101329
90648
170022
56434
11384
38629
196248
169601
40982
61663
82072
10208
188024
69260
68727
198955
178131
55582
130545
154409
73411
90880
125826
22518
128416
115856
63631
42010
73824
111202
35455
103444
117963
107325
86355
51831
19543
56324
83940
110631
85130
91085
16173
10518
29656
198639
3886
174395
1367
170712
126267
178022
90898
55002
63409
151013
84472
154710
137782
180225
53195
192367
523
142147
159710
192918
129101
22812
162109
88577
193592
168028
78289
192076
72294
12434
194898
101362
179567
162377
72330
135590
198402
193599
120675
144946
91777
24168
135138
100280
37585
60521
72171
39303
19031
74885
50110
84466
119385
166857
175420
26721
30530
189307
169275
2532
127623
27972
189034
122624
18695
133600
12785
149106
197021
2728
62433
103498
19860
54853
62114
85770
10348
178673
51924
94360
110920
47434
197937
40764
33419
158004
54263
60752
165344
111570
84811
151480
4495
24074
9046
168707
20656
6755
84649
124599
62569
138551
133465
47695
26903
84617
21824
78938
88123
157894
108345
28116
96062
190382
36268
83286
185983
103118
187802
78301
72307
95894
72200
174396
173944
185343
104579
66031
169274
173136
33826
42914
128865
195022
154914
121230
122566
42440
17950
195301
143576
157590
170422
92442
48045
4681
140984
71647
26947
176123
139441
35702
30903
166467
63440
46875
196779
174150
106310
187291
169578
188316
78490
158637
99225
162821
187698
29390
54647
90258
5133
94130
64202
115238
80389
145148
182445
168947
23039
186039
3226
21044
76747
112838
44089
50546
171547
79938
4588
98464
180385
4950
166488
24949
5414
71262
83870
62482
178116
61683
182560
11065
162001
114338
140432
180096
155294
154968
142372
199109
108645
76455
39946
147617
143684
22395
147192
170917
158673
72611
149400
74988
79856
69295
103696
115926
160321
194004
9145
66862
14216
25534
144730
71216
153601
3393
18635
66981
13262
132115
27555
58092
190944
123485
166835
55755
177173
157199
198346
7263
36660
134812
146560
152108
165823
56380
95995
91429
59053
167172
105931
139782
115206
110551
24134
53512
68793
63048
40082
21583
44842
192708
168304
136510
164680
190685
170626
89428
107905
15316
157268
68388
88265
1482
133518
6613
90218
40569
12429
140836
189933
109765
76041
121350
157026
72230
32313
180865
72849
186369
79479
138222
144059
7499
151325
126008
8083
71501
33701
161682
101130
70587
67943
64998
108190
73539
164619
110524
29877
140804
167417
44923
12381
185100
192640
2320
59176
174525
77007
61071
31294
172482
145289
118128
139287
100168
41964
3031
136262
70736
64760
151697
169501
40790
37783
56617
66086
73593
136411
155849
160019
80787
32314
123441
38879
106270
303
18595
27881
106908
46149
189814
113709
30253
147187
193744
183841
174983
44661
153762
162576
94796
14262
19381
11449
11158
52696
118313
40910
138498
4165
75280
100420
129375
147399
159098
171462
164026
146997
15142
65635
148022
128578
189290
150409
185503
136521
87075
157040
91
140963
38985
103228
129120
54194
179354
66346
183486
122216
111456
102130
135162
24899
72538
28038
112649
175126
160817
46659
44306
81530
16030
183602
106513
163087
139553
50589
176941
119721
31199
48735
108070
97601
48878
143732
181382
175543
107716
20247
105570
176026
64507
3507
134358
86622
122426
89401
37232
111339
5860
119503
115026
135067
169469
49598
147763
60893
110455
64908
183072
170010
182588
99241
34615
136245
34676
77029
47710
9201
109281
10109
38462
25730
162746
58335
31352
47028
119731
42034
105354
32134
64512
33207
13518
35963
160079
190566
39531
122003
113576
154920
147894
185357
168792
4730
165335
125350
92172
100310
86072
89670
136627
56075
168961
73157
14476
144005
140371
39454
146799
83309
439
47504
66789
120567
192245
60236
12157
44781
127997
178840
70866
190558
39229
57234
37584
110278
35161
73942
67940
17971
125960
173884
40883
132801
143662
37221
63367
138440
29677
59273
149608
34418
71328
20907
180231
129418
93033
130402
59591
73307
37436
134834
126342
187135
144749
17919
133199
95591
149507
8350
166133
167967
28582
193381
177631
87089
47816
121351
143599
147040
133713
131361
59414
53137
68959
195862
157947
182906
17129
11234
50264
66177
44083
158185
187453
24534
56748
136018
182340
72201
140621
194037
49383
62065
133436
98686
136601
92266
131474
101491
68808
20703
127626
165562
180629
132326
107449
97387
92550
182286
95394
53025
84200
149215
125996
51223
12102
67960
154638
145341
199441
37169
192409
158559
13456
159556
73582
130627
148717
63571
27434
36662
192660
169646
61408
169679
184512
151513
99519
6537
5803
97209
126014
103486
45503
89966
93039
173103
92784
170897
109107
6169
29518
17296
87370
56700
160895
144222
54153
49220
48140
36279
152512
24866
75670
160239
96085
12670
80717
20870
113117
109803
169004
62807
182711
7485
90992
52502
49435
36475
165947
110199
106058
22130
136002
43070
47941
34309
18663
31884
114692
43773
194990
90321
129903
154275
77925
28424
160450
136460
119573
45360
53756
125785
138164
133657
98408
103173
139821
5812
129258
142379
167882
167809
161852
62464
60526
84301
24509
105560
55008
8329
37048
53101
167388
131641
95019
100473
6285
173226
28278
162443
164029
1135
62347
119204
118897
159135
92923
51250
172338
98515
75163
66037
19891
81612
14259
225
9904
199021
172785
82371
16920
118010
1667
52162
45614
67290
127912
16928
114493
128187
111603
29124
84909
77756
96510
63070
155062
7383
105951
182691
152571
162012
94366
136546
130603
8198
127794
143411
77790
143202
118689
34704
40650
143239
50988
161583
99368
123953
158155
81504
12095
167327
93801
72933
92875
31372
114669
15589
199418
37764
66754
188928
152837
74481
24882
22977
103310
153320
5470
92909
7418
125456
31602
138510
42937
78328
63288
56743
125412
37476
34653
183425
10827
191317
76175
40653
62450
63166
154953
110538
194312
111224
105494
168175
140158
189692
95981
180469
91289
162058
113522
1562
197020
140892
90366
41191
121597
59255
124226
182561
122930
53916
123505
101711
199015
1712
160545
179368
194014
188440
41338
182972
187734
171055
55903
126859
60937
156622
78465
114243
78358
116211
33463
197637
184945
17821
190123
11322
175012
28750
99731
156023
152935
182700
52048
58089
177291
133559
165221
46058
112628
69249
171995
57425
70199
196753
13525
41464
199442
175992
162337
187043
119496
4851
52170
157307
49719
3591
168838
11190
49048
132679
4091
180637
115409
146746
168464
2027
63835
33821
47675
116232
114818
198348
183509
110367
170984
79091
176938
40865
194113
170306
123066
115211
56949
50041
80113
16692
193249
65163
120814
117018
43501
111826
16672
138454
6049
135183
17020
63296
7704
184213
119056
52524
171221
88413
61303
95165
54852
119710
59870
50524
158304
22541
192235
84165
35582
108572
103161
107368
68640
146726
90449
181254
50930
101849
44805
69909
54379
53570
74798
152923
190586
39574
163203
98339
76373
110312
64281
161438
54680
99927
23430
108179
87033
126247
197818
137398
48625
65980
44901
48842
186166
184785
96133
31900
66623
188386
92639
84923
94395
132745
76554
193343
83916
105836
102058
191629
76152
12022
82313
77556
53686
77924
20014
34172
19797
79804
148827
159931
93586
41626
61242
106282
123565
133899
179151
55426
191253
72143
84851
9474
56957
169409
64992
26335
123584
64532
32925
89797
65983
1678
35441
171550
123987
152429
168930
52408
124020
164827
87205
132145
14169
114193
17135
18654
119931
138026
16737
20104
145594
25888
155703
19872
183854
7993
130668
178197
121306
174543
145655
147267
161354
180796
26250
10723
166774
175710
169135
119282
4539
96590
178761
181308
72157
36759
179522
102317
97598
108117
193258
167713
168381
28092
153343
197788
66586
85103
12376
166281
140567
175082
123300
106171
20139
90178
91338
186944
11393
28364
165513
50521
33064
22683
137584
58317
168866
34456
182187
141065
182391
173052
121186
40733
167119
187834
107939
92656
10292
4499
78562
85695
45315
10992
77085
115826
71827
144498
90775
8652
45548
170912
97664
193423
129606
123037
134806
66216
60522
58055
145861
133285
136226
45901
173314
110065
116633
133564
141440
156928
138907
180338
173188
25965
174519
38126
135547
64445
163845
16659
121712
120447
109936
71759
137544
69840
38897
53898
10270
108928
97910
89050
9311
62532
186272
124823
104233
105778
28398
196408
122765
145274
122902
2674
21388
44212
51806
25367
50788
175085
146668
111016
134924
159889
103582
10678
82614
78312
112242
189615
126243
115831
129067
49984
85102
151231
80982
185555
198967
127919
156213
103331
143994
76180
59857
124259
88168
42353
15972
76946
30504
88106
81963
144287
180731
193556
9467
129138
46827
96490
72414
115222
124347
86837
155180
143079
127093
99999
151706
73573
123303
31173
175661
186953
122449
17617
29328
129125
132863
2462
132253
46316
155466
130534
116979
101850
57283
124208
82340
80444
55649
72711
88531
126622
167139
121900
125208
173102
181422
37696
123881
167121
50862
16527
178302
69294
186480
174159
185679
49545
140114
86517
126002
147406
82692
1699
52795
109387
146088
5536
165530
92409
138828
161213
167180
13069
150323
162770
79104
42549
88133
88305
20487
2018
82332
170072
78703
173783
60044
167386
52893
46915
190291
157867
123786
150027
46398
66891
129980
18777
57900
158356
136055
119343
140863
131544
59781
10383
12054
4972
74670
72641
189442
124006
147845
68223
18219
114263
15871
67293
160596
164102
104225
181786
149620
85974
3765
182540
130827
143246
181971
13512
103695
2747
156992
168906
72106
110508
197912
45907
35
183250
157885
173778
64083
180213
32276
12970
37558
50396
164662
196569
58286
145814
107677
33844
173381
177534
24839
17942
157989
4262
126566
171368
151827
192039
145725
16325
20239
26883
62259
125144
171829
65593
44027
163432
24632
144858
15250
41605
16133
1520
177945
183924
166946
73742
146733
76116
7336
192818
18225
85853
48535
64386
195324
52073
56695
77630
101518
64636
199059
77426
159060
36262
158153
122341
33281
77367
95764
2544
141221
63763
93906
174181
117468
70381
8631
122377
5485
88985
86075
148081
188060
163306
108131
127160
127705
52377
124763
29881
165826
155388
83201
58652
7885
144793
41690
7401
37811
106677
22947
127214
35993
69653
117233
74548
573
123660
10397
169624
12700
157098
191348
175818
121310
174520
129369
93576
189315
136404
134766
95921
81567
185433
59669
77340
6512
52645
41051
136973
110827
38183
107745
64406
108422
181571
119967
147125
194943
95901
183399
13634
3392
152836
94442
143836
87577
103897
190289
194458
154944
147645
42252
113426
189009
133
160117
14975
56978
76717
183634
178748
97273
194275
191469
137152
59715
43836
187679
145617
56793
89328
172885
173092
100283
129457
62992
61103
89724
101953
42599
59884
68114
41370
99545
156973
84911
27442
50196
170008
69756
62317
190940
59839
28971
187637
167607
181235
95282
49954
59164
177037
6449
45787
32500
162654
43916
18216
100871
70562
95174
36468
156650
102024
117467
17592
136563
178917
82989
17917
148256
30086
25586
71819
170997
110157
78561
97526
77661
149505
41905
40130
4928
102854
132556
6409
17521
102505
107122
41821
193304
100451
145832
44215
186051
64469
15978
152445
70698
139485
117015
102608
187745
12741
113924
81713
179692
86262
5359
7931
67604
169731
119220
148018
158202
130817
128245
190693
83533
105865
183630
32583
179360
120552
24150
22655
55012
197870
87642
22618
141511
120608
22896
175890
25944
104990
43318
137887
90180
194108
68125
53587
94865
129458
115955
135940
160516
114569
153311
53527
99291
116828
44924
580
60808
134578
198510
172815
68363
74412
128243
79421
157305
62908
151472
50538
138750
151222
83183
147505
86130
97556
173943
50760
21795
84001
84941
186185
7019
82002
73943
172977
187756
132093
193616
20742
55424
91296
65093
137001
187865
2410
56395
196856
60748
65190
103404
102158
6549
187705
197456
66937
177616
7327
1706
1309
120633
161547
198443
101330
124367
116300
184765
161105
148792
102857
18236
55274
137017
3880
27806
86571
108289
365
152806
92381
185900
3896
165661
20324
8898
75397
190419
127570
198730
49592
47608
135896
95658
100220
175779
145937
141700
152169
98640
79111
125835
27159
108609
62934
433
133395
185636
94947
8003
182293
133123
127757
22376
94534
75299
66574
24559
40011
97822
73560
192140
131187
171031
188185
9798
112808
103831
103387
43158
80167
67239
122545
112508
185908
95275
11536
148418
186592
129099
172
134863
33152
102558
20010
112189
67326
118502
158891
155486
84885
22672
62091
1099
162122
90938
120548
42636
115429
175697
89241
175522
79532
122861
8429
95144
121929
7593
68153
106125
141311
63879
150998
68043
161956
71089
27809
46912
186607
112751
77857
27279
195725
6021
67789
100237
162023
151796
193837
128422
196147
141437
1766
6052
138791
112564
115949
144896
41346
86197
77290
7506
165045
45984
141273
175968
44919
13271
127961
178366
38153
127261
102756
136008
15550
84918
9832
63576
82646
107358
129014
33809
176655
125155
57512
73217
128132
169226
106224
76057
153556
37307
11966
35479
53620
18593
110546
17650
132811
45380
27954
113394
131437
95641
123785
21817
43209
25140
9629
149594
107091
176281
122574
145215
93969
100780
145586
172235
172923
59041
27403
68646
5023
6088
93286
175929
199241
185205
29940
133056
195841
88843
115525
114814
94187
71252
100731
29235
101534
58557
87742
37930
9771
74394
50576
40607
71683
61024
55682
194818
1959
196982
136561
89443
52449
86823
84432
81871
32751
52115
192804
180854
172141
113490
39216
155914
162144
197740
37871
73256
41125
189737
37277
36250
185563
75578
119365
180268
5499
44350
120032
63921
49210
59697
8805
194178
64928
196460
52607
448
42773
80539
24976
114501
167633
15441
153710
103465
135274
127971
57789
10122
103999
53665
191262
180508
38588
92574
180453
126693
187078
113414
159204
2810
165510
159663
148369
97016
43617
152376
177057
120331
71213
83327
38217
14029
86563
4279
21932
33534
125630
71800
98343
127062
156909
120958
84604
34144
96265
192012
131763
19771
76445
50858
168050
117548
105056
18590
160176
167391
26222
80580
193012
106135
192646
52697
5067
158910
138041
174281
14653
124378
4190
36845
181389
141652
132861
8965
23434
147577
78283
81594
88841
10029
48357
41516
179056
114135
34817
39442
51294
44776
143545
55929
95207
162256
48883
195388
69317
60193
36488
51649
109235
142792
83434
31704
107598
116130
124359
163546
82392
199093
146349
150775
33941
53896
173843
199237
77567
85604
30172
125098
140304
192837
27982
53975
13113
38071
30227
137379
1820
152746
16524
44758
17021
197492
85009
105259
147474
150379
57185
191265
186062
139995
148050
28609
41980
10839
158073
188108
34961
21615
186997
152293
194235
149701
95816
196599
105201
19958
138360
176797
74512
78740
112995
156597
110909
1035
114743
188861
81444
187280
108468
93718
9335
173065
94780
132736
197477
162845
80826
114686
165730
165391
110023
120684
167601
58195
62263
188634
119561
2796
88321
109065
166885
96730
128032
93355
50884
110605
107682
139318
148040
45788
73131
108689
44538
142008
198820
21734
179482
57715
21350
5219
93333
127071
169812
24382
141420
141640
19922
118697
62965
160337
105159
172698
115386
40516
35277
185662
45692
140257
125945
49377
173106
38429
59029
16759
3557
107214
88953
67633
111515
99187
128717
151566
9033
126761
48957
107935
145161
146767
116714
65622
181112
6908
82408
68055
179992
17783
115868
70147
115873
111304
146896
43639
126928
18261
150912
143850
54322
33361
168845
144578
118238
22337
178439
159407
151945
132251
132885
154973
158657
65675
98219
23745
105739
146431
80608
31383
144191
176673
16514
64171
80128
107141
10688
164615
28940
132839
132907
110578
29078
26434
174500
81390
82099
162723
144203
29581
181472
83314
30812
188597
166268
4023
22780
118368
119790
107178
13352
2486
157433
123435
173400
45139
259
8393
57032
159040
172925
119390
1397
90715
108378
81036
58977
185822
159596
186008
70667
151815
13891
172583
34107
140054
39792
19430
70804
61909
48891
165009
2851
76890
98471
194854
39530
184944
164359
183809
157093
66960
133959
140105
190985
2450
89627
182072
142972
296
30063
132554
19980
149126
67846
66569
29013
130779
179997
148012
147140
139194
44342
61548
14698
13329
157103
80947
60949
40925
167742
125968
57725
132360
47500
173344
107121
98838
127486
79624
87776
76752
148870
107758
144802
81743
152986
149284
67229
5751
11473
185619
36173
7696
65776
154781
36633
188371
17503
76007
181813
5611
190180
26851
150759
97231
27404
41633
126182
45033
78215
189334
55781
89814
54236
70151
183284
132837
196565
12614
64312
123885
106868
165564
170648
37673
101540
10562
129907
161881
3207
169471
116862
132489
29116
183674
195520
50705
181501
188741
58556
48250
183952
194652
4821
44823
20041
118570
87505
127793
122730
3272
100080
34778
118165
159272
55554
174587
147439
115219
41424
186213
174623
119704
51121
92489
33228
65568
189659
138271
185981
163290
183152
6427
104928
58400
8313
52699
126137
136311
68977
143187
191596
139859
147207
180884
5954
109995
133192
72534
11961
97960
63558
9597
152683
181218
11221
62833
195801
143417
34079
130301
521
110475
130105
122067
82683
50839
87857
119038
138397
178665
31547
109548
92775
188145
166603
184498
145480
70317
167783
24230
95631
27382
111717
185175
26783
198880
14309
127766
166269
116611
176073
63256
5392
91485
147958
15018
56354
23732
79142
62208
143736
191665
116429
80524
81032
92086
86793
28721
160361
165539
12690
176912
170556
168332
48309
135815
83185
26365
4
125510
120677
64253
119901
79240
8851
136501
183699
166424
191391
5259
26949
132354
77062
111499
157796
65882
70291
163728
168371
98689
149186
194179
148200
133425
127835
29404
197840
59646
172758
136632
80702
184505
128200
185779
193400
134345
87052
158874
46308
182443
113207
194399
176958
92385
123762
128876
39882
123899
32985
52376
17548
189759
78484
189060
177422
155733
16239
176370
27795
10971
1676
60794
78559
66027
170888
16791
138663
142660
174579
141673
139333
54673
90398
3998
141421
192737
4653
155429
82236
158300
42002
119278
9913
190318
49940
127771
181010
183405
42721
149815
173230
52890
85234
134349
21613
71036
75724
160987
10395
88139
85810
36708
70503
94625
7862
100744
156926
772
66480
78415
197959
13123
76709
33904
119461
152061
56711
154280
52442
86433
177166
100161
107230
111266
43665
45062
153708
23921
157541
155661
56213
123436
94359
142846
117027
60684
108153
40394
131774
192410
161045
186153
12807
105368
26554
164038
45122
709
134153
118038
56879
193259
16022
101272
93787
129549
165076
138859
154464
95177
57761
544
146115
163156
5430
158129
36146
90375
44105
33026
50935
154475
36164
160869
76683
196828
191658
141004
188654
36677
146696
32010
85353
33508
179466
65138
105426
185519
57432
182137
125467
22457
181803
130376
119761
77433
13361
101715
45083
170740
5457
4689
50674
89441
25074
171186
88427
68261
140439
35204
22049
154308
110993
16924
193042
182441
145888
144621
127171
15861
32245
162812
32451
154732
10375
118336
159633
66588
171641
55688
64072
76345
20372
23890
115372
119584
45933
187454
153379
7528
29224
130978
149098
52242
46371
116651
131898
17333
1578
109956
156199
59743
130393
50133
118452
65965
151297
117640
51953
17125
62112
12097
142451
159519
176107
163321
55069
110292
197040
182549
50557
183485
185369
106760
6795
124748
79587
74692
17224
68109
31466
120869
36174
118392
23395
99870
108320
100458
21383
168879
84904
93958
164040
141283
16502
110380
199141
109583
151831
26498
30342
49160
132412
103054
184063
35538
109877
10115
89034
113060
17622
74076
93169
160088
159849
122211
196040
10751
185759
8264
190737
11895
54097
36627
166794
62618
126158
28161
93016
164037
103037
89830
11671
105033
63477
157571
40971
119411
83335
157250
58580
83757
61534
17967
184856
16306
148469
71337
192079
86303
170374
135158
36066
183522
47310
143953
124638
190518
41180
12028
144530
81589
9413
6184
123822
161398
182569
132124
16563
89812
24736
90764
7292
45880
199286
73594
89777
99641
55501
145600
183130
106579
150384
160603
61278
29538
163725
10864
54165
174792
81810
49442
171025
163767
66704
118179
59691
44153
142608
46528
105240
55741
77804
21143
149177
100440
142146
150250
151194
168695
8994
122131
46961
175183
78896
82279
88034
178167
125380
49891
155796
197885
146369
63798
131893
138308
152684
165137
121265
2297
173180
46228
59484
3929
161230
112196
83373
141942
86124
3925
142617
55429
45338
140278
121003
186983
14862
122865
162446
108525
42692
107614
184947
165415
43547
98589
115013
183795
195258
58921
39381
150546
18602
169644
137100
54301
147109
191135
162743
28207
93628
168251
150562
131674
192014
12163
107102
102148
58062
136830
54514
120781
32722
26409
168447
115944
7912
133616
121599
82254
199940
199875
52150
92217
52814
106334
138173
91707
80683
37960
131442
58730
104241
118217
92267
136108
169921
149643
5912
42342
69938
20357
83012
112636
180356
198935
73288
191802
195424
98662
27849
3850
18825
193031
63245
109708
31311
92465
67367
167604
100020
83216
153820
39872
184223
82061
50537
64472
4816
172913
80378
29576
184089
93018
165516
63497
130149
193717
137053
54897
138475
98895
169329
134157
76070
163627
116106
130310
174464
139871
175850
163939
76288
119047
160970
129948
118360
193563
81419
123550
143607
119092
155332
128365
31004
37999
78523
13850
46105
42852
68744
3833
56472
198277
140648
20329
168973
86939
87610
52591
59917
187967
46656
1188
147388
127695
147068
31222
197191
68723
166081
168472
42195
140795
178359
88245
128879
911
28558
22628
175362
113625
93103
145093
97975
15984
109494
33576
70034
125919
108818
91554
190626
140580
57739
19392
191084
162684
107822
143979
100687
199653
178881
88812
72419
9247
102720
148784
105422
160225
140453
144116
97359
137610
8648
165548
186048
129062
164515
69472
158309
197317
98244
39175
143697
169922
124984
115355
144405
179906
125108
70343
112910
124778
179068
93098
37380
112455
71902
61360
30584
104584
120125
162294
196765
161859
61191
105522
108327
139357
74677
149206
45008
173126
194450
99174
175565
90530
107702
193742
22498
59613
40238
72956
85426
98790
93633
34295
69101
137429
479
991
103935
114027
59058
156269
198533
137156
155749
163795
96584
183119
150179
44245
110425
80254
59093
63404
78107
76391
107279
142304
72586
97708
117858
190112
155621
47849
158256
177856
186161
107472
188398
160774
198778
74262
32425
142153
470
140858
61364
39783
47417
35456
17583
137178
100936
103294
27711
24393
96103
130514
77185
145066
165745
96428
159245
131501
14572
169857
55060
25177
50464
96118
131864
72424
98896
51762
131507
146261
19578
186214
173988
141517
181702
56757
34758
197357
135533
67863
38826
4682
181527
40664
187450
51413
97432
169713
20441
21260
52679
125178
66570
48395
46744
169224
81407
95791
194664
108104
129875
120109
128739
46505
183585
42803
45769
148086
28172
37366
36567
98577
125735
18694
143794
75399
79643
100482
17729
172932
49437
182223
177182
108083
114054
60663
27817
130558
131157
185806
19526
84086
113967
157599
5443
57627
97038
45420
2868
22011
190660
36419
68154
92230
75602
4313
180311
194858
166013
96504
155988
17750
37252
54738
71795
126808
83591
59193
153016
153722
162285
171354
105689
32207
160411
164106
144528
176796
4269
152726
148339
50943
160730
85374
125614
97672
58454
171772
150929
117138
193335
152375
150002
136895
69529
106365
169217
5851
138396
85657
124204
180708
78251
83792
10763
189386
28413
83231
69960
172138
146879
183306
164864
30192
93121
141993
132646
137522
17563
186449
174979
107390
194216
58791
113167
143624
98459
72187
4839
108296
195541
53563
163959
32504
63082
187675
135033
148995
102194
47157
193374
161265
190269
80590
11051
161067
29070
157685
163384
136461
189884
30332
179326
123064
74166
5231
181054
117769
17344
12317
132363
58001
119645
20855
197559
63670
131725
141275
188799
93883
5304
89710
87908
150878
35967
171607
161233
126128
64513
196813
103193
102906
103527
1091
108743
75486
51232
33151
176804
71240
83525
48149
51020
103652
152017
134002
41637
187341
93778
84416
9405
158291
164977
135808
30835
82378
107189
92271
43321
188022
194977
146030
128321
164613
65430
139890
185263
89782
179228
21317
41715
13937
43178
7051
54517
90594
18706
115466
142980
57371
165885
135541
194015
49183
107463
133781
66372
129005
35950
186718
9549
192343
193223
137511
91597
82993
102804
17102
111738
184915
3707
39810
189993
96268
51215
92770
113356
72506
141655
172115
193302
75035
20789
9061
169840
159251
39963
125358
117192
175656
115516
197107
91659
8250
127780
1130
64711
43222
42134
52580
124818
156123
127675
16994
45018
178934
21087
156438
25284
24136
157646
79058
24554
154906
50369
189236
79156
93404
13313
39077
190692
8822
158828
141027
124675
73662
99858
163745
148613
76019
30277
144967
94145
135738
36917
58769
93390
163076
104259
71792
142512
112344
105725
191013
37234
124443
172084
51554
136714
185938
24098
79800
99070
1403
37148
121970
91353
86984
41207
122096
77609
119160
174133
140579
146007
104046
59387
82929
22422
31125
121080
29862
109744
92313
81782
48947
20318
172788
158677
105508
43097
60319
156972
91599
155461
172709
135045
16500
21254
126218
67962
116100
3344
178171
127935
81295
71375
124563
144414
57752
105796
188832
149864
128210
163657
1093
96534
75842
170529
49438
81596
132904
49608
196429
31139
64265
134553
1150
158513
92183
82870
46685
126796
1533
80432
16276
53743
115586
117833
186790
43837
121008
116985
10790
110775
52975
12474
152671
192023
147310
121164
11225
106660
66635
118983
6956
174541
31287
184587
122287
189983
87038
154577
166346
28176
45372
87463
145631
193628
106305
61325
61717
151522
176914
120285
72158
97073
119612
5799
169574
71199
154294
136318
110983
90333
150367
195446
73547
62859
108577
141864
95583
190043
123394
29599
28188
95214
172706
65402
199394
3300
99574
106616
113540
120099
189601
168505
153914
139079
138757
169750
127506
142584
187556
64583
153383
83930
5718
61943
173578
7447
62063
80791
139085
4921
12061
32285
10091
180118
56780
34727
82782
67945
57005
97471
91327
91719
115184
139661
72196
63597
143693
24180
57526
88144
122925
114932
86333
150264
114920
29419
116029
144648
60088
145543
147901
60128
102083
145375
89956
91399
14665
44764
48049
59457
154022
159320
147512
122082
153882
22231
113667
99606
199081
9460
7071
15501
199633
76917
92943
151078
91326
96699
22551
105078
132822
83450
155083
133870
157242
70295
172654
131685
126744
192080
82229
94758
97003
198862
171024
109569
188052
63135
161332
160665
68297
101101
9873
103419
117586
147380
124975
133624
160212
81392
158046
111608
140035
74297
76654
67404
44958
176835
188643
14183
136967
86675
26797
84532
82463
35840
130990
122646
28481
115641
191114
192347
49376
43825
185001
119782
196692
192550
105437
62692
175117
59711
175201
45177
104607
18070
69874
127317
89556
158926
79814
43832
26241
142834
114387
164800
1915
41764
153833
159191
25549
91156
44310
126141
101878
42355
19633
6486
175219
101281
189153
76320
42964
85358
142797
68229
12522
73802
127254
851
114739
69687
144368
154253
7104
98413
196528
11208
163689
103643
66965
71351
174307
171396
101801
5024
175696
197514
152439
174929
190386
176221
51650
42234
180705
81850
38411
65993
82065
46485
189538
77743
859
167831
121977
156923
95883
116684
11112
154624
62930
16973
147216
113337
65705
55225
138668
83847
137841
104445
158039
28234
60823
158246
3544
138003
173388
174247
97986
8532
45532
2056
57221
198971
71848
47453
33306
10075
185934
158350
101285
83911
28549
5620
174689
159243
177801
93222
124985
45809
94786
37225
19262
86788
11476
182626
20084
45868
139624
128885
133883
52356
92328
19002
112922
156991
7146
80962
58220
87715
47763
13624
188586
43132
78316
101010
111103
199504
139252
5698
145241
10917
152462
60673
52466
116648
132082
26658
64163
106503
195698
106199
118758
188357
126831
21938
2411
150278
19094
158252
187404
20243
83901
61811
157711
44176
146933
178408
23188
199223
59215
184418
128193
166891
133291
30175
103656
62028
181199
145127
45886
120680
199166
197652
44353
23081
198365
197091
46942
27988
65329
186573
44204
148778
114389
103559
191350
44964
92373
186697
165932
24828
15210
134317
27833
60820
176234
65346
26246
183648
125741
69773
84946
119858
123547
2745
26831
53548
36048
3751
125552
122680
76284
141697
140449
7237
103810
84783
109577
27853
196129
12460
8072
113184
161425
128048
153395
5819
123874
159125
27965
40671
48441
61241
176894
185162
6059
116376
168567
194485
193757
159337
162632
152471
25410
80694
90027
95508
47221
16370
40512
9959
37306
856
18284
191498
46021
193844
71585
66374
107873
134632
187498
114751
129703
77602
125194
85401
166473
34848
63990
2315
2028
180085
123160
118288
35305
166798
197716
170662
18875
126067
13415
65577
25503
178327
193185
104890
65351
22838
16305
122179
123491
120025
126974
74498
95834
115216
120502
124612
182579
88436
87452
169671
1468
168431
148286
158679
43369
39331
6480
15355
121917
143390
160959
21338
145180
38909
42380
73351
169919
128542
96542
137999
13648
12366
6291
108758
165369
29256
192636
65733
164991
64968
75931
100262
49005
87887
96167
144840
183581
133175
102944
107576
11824
31338
194890
141453
168144
141005
184267
57360
97281
175112
163997
131105
101408
29170
124238
163856
62858
169041
40884
28684
185274
10705
27122
184541
42689
163392
9584
126382
169141
148123
185605
107447
43980
3648
122541
69098
64887
110502
18628
50179
17151
174849
130421
20869
171914
198417
94075
42737
112846
63136
121226
133179
197070
19666
109062
23139
189617
179800
44594
179843
176125
66223
165453
82091
112130
190556
8589
197774
136007
87339
49357
144838
76793
185857
30552
148954
107190
176875
173134
99464
77122
111169
1007
148957
104969
50231
41334
29910
25772
155344
135803
134300
96356
179186
83893
188245
23199
190229
157290
143823
83908
128778
32557
86565
153554
148004
191835
45615
19288
112041
26273
24536
167530
148321
21955
51162
5377
131812
85115
81877
196424
85906
109144
21797
26186
95321
144035
17377
180655
29842
83510
169433
178110
53246
29431
135170
69985
77245
98864
45709
156756
108749
86445
95671
152046
142201
74380
96661
149283
182829
186918
185532
188237
150774
147419
131473
103149
187818
2451
150569
135098
60435
175069
14996
17076
64149
153756
14443
79132
74878
50195
26347
68299
100759
23150
92223
3183
186634
112737
186147
125748
56108
56431
510
170902
178256
13594
8514
128517
99092
198080
172962
121416
50952
101663
114234
133615
30036
20936
96114
117758
132148
109301
179156
98807
7573
1741
151479
60414
9042
49140
69383
190836
185897
57460
50267
172814
88997
100370
175406
171182
189354
53987
170281
3128
22521
12966
13547
61033
81761
3579
77572
155629
31913
31994
196789
112658
151239
124200
101296
141231
129065
171203
67303
166534
90024
112786
250
81311
129338
138029
107076
78936
40647
129085
35793
192845
178282
123685
109073
190797
116180
45297
60557
145218
135511
166629
127312
12621
147677
196197
199409
12752
105063
153845
109679
189557
40006
197319
177635
123709
41447
6614
123765
8009
117402
111080
186140
67201
172958
112767
159637
28008
153870
92930
70470
53825
104418
84410
21108
94133
162434
37266
91868
199879
60935
20965
155460
93825
76250
89295
55837
97752
75823
87420
124968
12084
62014
90787
131045
190004
173771
102204
32383
15404
165279
102102
29198
84022
87210
133568
137785
72785
189688
59316
34275
103698
139359
115819
120601
191783
157352
142538
157321
102925
61120
113659
48175
6288
149286
92703
33095
100075
7313
40771
40758
6385
148386
144751
198937
121432
152361
84230
65266
53336
190862
5892
65505
32663
31178
105705
157780
50905
48264
45327
139693
85666
108836
98091
101770
176945
45100
86988
56577
19516
148516
76270
90862
93461
124149
60126
33341
24790
187574
182034
148595
66194
142833
185184
167636
155931
103476
18161
56162
22666
97894
114526
38280
186333
39087
154823
53215
112840
39547
132387
65231
131529
20875
183352
395
168196
89504
35240
69900
59090
31277
129142
42950
85284
94208
128952
102269
92566
185331
174377
115803
89128
192654
46265
90848
129689
144990
165489
133633
29619
21652
98139
135566
94126
39342
59434
23809
125613
28753
118578
6631
32812
196184
165033
17416
48467
185603
48173
6692
130155
114268
86638
112918
155031
164241
106041
158341
28852
104539
183788
127524
135831
73032
42307
14257
198271
120882
72620
53873
182727
83896
156229
11840
9029
148777
196066
144209
88657
10017
63532
184455
2992
117553
46604
137789
192247
173604
4129
35079
125922
142731
126268
75322
13432
166721
92676
31492
88329
161140
113887
82749
185416
173432
10368
73285
57685
7061
167318
60409
119329
184888
175902
119359
90537
125897
111475
165202
147108
171440
139757
102589
197549
135870
170486
167864
21658
112728
12487
1106
126437
141472
11762
85208
100932
128980
25270
82011
137340
45451
100284
20479
132842
160446
103082
199300
194482
25244
177875
90542
9417
1163
13546
122809
106963
94693
189800
9083
192553
145425
109179
16308
116556
166756
43207
80870
184353
160552
54604
110013
106329
50677
161369
19803
178544
192692
115726
190280
165528
176052
66092
137224
183380
143406
160834
106013
89547
91651
194496
198315
136911
102870
94911
102976
62737
170627
113879
162333
78665
192123
93243
129797
126297
4902
70335
5353
191258
77423
133672
85791
193754
151356
188131
101796
69630
29900
110038
40830
71280
70078
116869
138417
52075
106563
47691
84568
189303
46389
117336
143219
135201
85076
66110
125804
46850
104170
61747
8961
68049
118567
66964
174052
178816
990
93161
180415
108278
164083
16359
25654
130597
134021
163043
149415
148571
148737
119599
151524
142936
27836
111534
41826
40815
142168
134749
170786
34911
112600
191247
154141
99365
29775
114682
52553
4203
187327
143983
108538
138466
30583
147859
90099
132819
134981
179347
42845
11543
92502
192613
103241
168030
119664
24144
58227
153420
173131
125625
94898
53573
1848
119740
5612
564
119112
108358
192294
185700
100661
138228
36998
88598
169116
128489
121236
26944
39671
16958
160031
111924
89297
19453
99764
182847
23358
44894
15147
25721
124430
176803
77412
166540
67273
94278
151386
49012
32888
45596
83535
180977
87171
62870
169237
177122
144912
27444
26425
98879
177140
97381
90545
91371
63577
145279
57844
170500
148272
181806
54756
152925
96525
68123
8632
73329
113800
68399
105731
4534
25452
19619
21152
149458
106313
180256
73606
51021
6276
186861
160556
45111
126804
135173
78911
67236
15535
147296
179238
133715
110721
120542
111848
2093
4554
125939
6584
153534
105935
93314
67904
5208
173635
22264
31251
58828
120076
21719
105287
135403
61656
67529
32941
184724
134001
162693
115341
107077
11412
5340
143685
38439
104475
151247
183658
137451
44191
84149
164169
182201
109721
57867
140183
58301
197253
179365
188208
184421
28387
130193
65494
70327
98310
110070
86997
97077
18220
43038
131670
152033
114605
29350
54311
90760
52749
96836
130741
147543
184753
32253
106683
144554
15323
178574
87298
179445
107941
50904
74824
118103
109752
118606
161548
31518
67984
100525
126180
126647
92650
824
83443
198485
54784
112859
157261
151388
11590
157132
3652
42576
156987
49656
146353
172637
189554
144411
158901
125516
41377
176854
32190
124703
17413
22142
138531
67843
28551
13467
60854
81585
104690
90586
725
34715
111478
157033
79816
92151
135282
13964
196510
190179
93852
65764
160689
86994
108651
107075
199327
117136
145917
20822
90444
56197
135929
43476
117508
48685
68880
5762
150752
25801
5144
25003
64273
22636
69208
607
169044
78868
8356
147638
20899
4109
180634
121288
10986
34287
198632
137285
16520
58922
196416
90560
189618
111410
13758
136609
81297
50199
139083
118956
89432
50364
33950
128919
109731
130266
92795
168453
172479
111295
23696
97933
85222
81024
69941
100700
61697
56389
72609
80602
130870
51381
162833
35884
134825
95531
92281
169954
101314
78537
70373
89927
157664
198342
133950
8220
144778
190808
133007
94748
132519
40723
152418
153637
22755
162536
111316
41508
41352
151533
25855
42403
195020
106110
57440
135699
153489
79447
177500
112842
88496
99911
151951
45917
13607
33430
50514
107557
128425
118819
125525
198543
89907
163338
170451
176161
86693
87568
24683
49122
188360
111771
106035
69204
114718
33836
6476
19084
39403
147572
199738
70200
166194
115384
86651
152686
157371
109138
52746
179663
17008
101920
70568
195619
146929
3842
195788
156282
25882
119729
63861
93581
2088
108791
23822
67234
27794
6974
4802
78519
16760
82647
130875
106173
2213
189959
183771
92984
97568
99235
127745
191513
29894
54981
80393
143105
54946
50454
87146
44872
163895
127166
125203
116567
187323
123395
181405
160973
7450
80536
17530
169184
111598
49329
109737
198061
91974
116738
39545
146173
18394
23984
86702
97292
48994
135994
118958
133837
30426
184073
21657
76309
62083
19926
25812
100686
62976
21436
170633
88165
190857
131658
81590
11056
41500
169105
34153
166881
14071
105614
93815
88856
159878
188277
180607
75769
30069
51141
197297
173097
15065
93001
196054
135869
105881
90095
117595
17381
180689
189400
144408
78750
63734
153969
171402
3337
81329
138508
115259
176330
87803
153385
58474
51779
132764
75878
54268
116663
144600
197846
146483
79261
166997
128603
113285
98649
190874
101755
181596
150445
193867
103032
192648
131666
166767
130171
54943
131578
100884
152379
104575
74406
49926
2859
147344
104821
129090
88071
62728
78298
78416
96271
177877
77023
50403
11846
127333
149108
17829
81934
172517
124828
98776
47694
191840
35165
147392
107970
70680
189489
196792
29263
147984
48861
499
19755
79651
188557
89851
91852
23839
170838
133208
28423
128610
99856
30162
157158
70940
186223
166788
96124
191558
148329
103025
155079
34598
44216
135535
137192
145920
41251
114163
37217
16165
35743
175954
14174
175860
117464
168661
103764
112856
66838
154575
35103
164300
61963
163417
129340
163364
34838
97690
20306
111650
99071
138592
7118
169190
167668
175888
72125
41093
123012
56809
32745
36836
32141
48838
187881
96881
111804
165914
15318
49880
158976
72499
90311
116266
79930
77236
162458
191566
1659
197001
126313
128752
139296
76838
137141
74095
168647
83328
78640
145300
33272
52056
107420
78268
47864
18476
166538
146653
131602
52575
46016
84813
81114
145136
52088
85064
128756
14215
168486
196805
152586
160243
168026
43737
53692
117561
149473
173355
16081
26769
130980
88948
54441
189414
19894
129499
15594
109210
131429
84699
76229
58163
174688
52797
62147
131420
91112
86989
154586
34253
27569
88900
74024
187490
86403
62972
167492
37802
3511
190354
170014
91946
168964
181001
10812
95643
36990
172806
38550
128606
135388
9713
170204
142937
41232
60052
55211
185443
176209
142767
53943
27743
133276
144652
76509
101556
141435
128995
61874
55886
110540
80439
52945
113446
56402
14509
83000
90815
84514
111686
95359
10412
124971
20825
15195
29856
157940
145544
74289
87999
74337
37199
5080
134333
189975
83261
54473
36137
192371
85367
12786
134094
96042
125633
156131
171929
53842
186477
150568
2670
63419
19544
17731
80051
160280
32078
131028
174562
76824
165856
50722
130795
168843
101865
63922
19104
187134
171678
146364
22082
89093
142280
64630
98246
188326
108835
88928
101197
94893
143780
2311
11290
28159
58533
87827
180393
53791
87626
87970
71207
73045
42767
115352
22087
77476
353
154739
45424
105417
44550
146937
71975
177818
160487
61267
121711
84298
185475
122672
48829
101658
86953
181397
5624
15516
118039
161436
198257
74119
171332
123163
154164
74453
96285
128964
31850
6175
100077
2001
181514
61573
806
176908
98165
178619
101342
124131
72648
162709
179582
181872
93780
80029
91865
190654
177507
84030
35677
60858
172969
78274
30699
195007
57638
124348
192301
105093
56387
15661
157697
116370
146518
58209
144058
115287
114447
196279
129143
188759
145077
48582
920
74646
4099
57833
163921
146999
134821
95645
18366
62784
74216
53076
82844
54859
95686
70966
106970
69814
118437
3309
190723
98039
99418
148461
60225
125293
196266
109164
153096
24111
5158
107468
2485
28070
81296
138096
103289
119778
136773
18110
14876
26807
170379
75106
107160
187385
88816
148383
28690
149395
117984
64517
167169
32120
81780
76628
166737
44365
85421
118844
112960
178210
181391
23781
6680
150137
110000
163524
10656
108574
91178
150407
119302
198396
155454
138339
8747
122353
87881
1910
14475
96547
141846
136197
12998
8287
28526
162569
38777
79973
8712
77370
61427
11880
61765
53818
174107
81348
165304
39583
72153
56760
100662
67833
126376
100244
1615
15817
139575
17747
74170
139595
184154
2178
126199
109461
86800
80633
84276
151782
87241
146321
26695
41055
125369
179841
42427
52479
4060
173399
119699
27532
64743
107719
170644
38778
2690
100279
16375
125262
59706
55727
51518
149082
182697
156033
45864
160995
162211
133835
30083
108505
2808
71095
159568
19532
140677
104843
79970
84310
156541
93947
164444
173294
160675
73187
29741
20260
4011
106656
75318
54871
171597
43106
55989
55256
138615
129145
127161
140552
50141
35855
132529
140021
12239
135118
4076
33393
190054
109488
36422
143914
133087
62772
8064
167390
177802
1671
28855
14960
28191
111588
105055
126545
80788
31461
2005
65283
178330
43612
195250
182618
79982
170754
88917
131465
150366
67766
159724
15947
167553
82738
63457
159989
134887
64778
20843
128247
151464
191362
101432
92279
65344
18683
61832
126664
116580
157877
163297
195691
94622
74985
8173
90329
90041
142254
73577
91176
67590
51479
88527
150226
189954
152156
65458
19446
173929
46300
156500
88905
67798
60463
2290
104447
29032
4758
61891
195010
22006
189111
194584
95871
178345
61376
110989
104345
169180
111737
24830
41818
181757
174645
53441
67364
135368
67455
196124
145771
113892
183680
41722
32027
8440
102044
60605
169572
6472
37598
60346
90495
101219
185432
174358
187551
74471
161044
162379
72592
18757
78560
113181
165809
172208
35405
143521
144491
145415
176294
43268
54189
18256
105912
114155
59146
123036
143748
79824
84341
181395
178112
126090
189054
147304
57658
46512
101097
33513
145336
94823
20491
171350
41940
70811
8467
180215
20743
136062
45197
143297
40585
111511
153113
181523
116499
15818
27911
186116
112251
93427
70186
28185
121001
135501
73000
10739
85490
75800
114251
149780
28898
198252
158784
193575
166646
144373
32212
46895
35779
123512
51415
105402
184665
137974
42805
92644
157651
158887
49404
136914
152533
179827
176009
114528
148811
138233
71849
48295
8461
72890
177419
109852
59360
154316
172641
100361
31855
83738
13091
11116
130745
179517
46018
39630
172655
95062
148696
85545
79415
177228
79898
92757
168229
36539
164931
38103
172770
134247
176127
23909
71855
169341
130199
50413
100366
14798
152458
136759
177270
27288
80814
148029
134770
25813
63306
126532
37772
79612
148532
94637
160746
160594
137614
53318
179032
44642
185042
91082
122149
11769
127640
196826
194651
64328
131353
38422
147855
26914
157845
185072
188608
106757
24161
11468
85119
40005
9598
177735
150518
54839
115036
35606
29218
23130
136472
109482
131375
83897
114095
129401
8641
149389
53322
33215
12264
174373
130430
197984
170209
193164
107992
127357
189792
130819
82356
109190
152638
62342
22291
173329
57078
80977
103916
154134
42796
56799
22818
219
29696
155838
89655
109263
99905
57979
123579
86430
95771
50253
59464
55621
104277
168360
54084
70509
187470
124792
27736
135048
23901
75159
48262
25464
30500
53906
75913
194566
199908
158324
28055
65856
74814
198673
104464
40595
88888
20068
134689
155949
95601
68090
158536
59336
53653
86722
185652
99878
85781
193964
116691
107467
9582
145794
106636
104044
7111
142256
67547
184507
36636
12733
193378
11128
51439
197125
37174
60215
138002
71620
12931
86971
156540
19466
13005
109005
100058
171677
98684
46786
183813
136878
182570
171390
140613
8293
47190
167174
125807
1859
140380
142410
40257
75090
133255
86419
3067
157642
28751
159573
30995
171346
60499
161620
94066
15873
145445
79433
196941
76548
156061
190619
59777
132827
166454
89625
116312
109506
196053
59225
96889
177168
162435
60686
177864
119605
57356
14992
44635
189194
115171
65103
99655
199696
34739
101044
121520
59758
115939
75756
160859
177154
161805
116963
62158
7028
19157
90335
90819
107223
14432
85757
159660
71789
143939
44140
72318
140616
51654
2107
177962
57166
184369
49955
51728
93014
169220
119058
5671
44116
73581
170459
135435
113704
150545
188979
191964
45205
20464
56904
1736
124716
198748
147562
81467
49535
12153
41163
89867
52554
74110
134346
87143
146754
118448
103723
154262
111727
35765
53980
5425
113960
84840
181392
166154
142511
138030
183309
170076
21561
53085
181343
26849
101435
98948
180969
22660
81778
175053
40787
196636
103862
164635
132982
66264
23788
142577
44044
179139
112851
184065
189761
172598
90960
89414
191232
97138
160457
127951
147367
161095
138085
94376
105208
193440
191847
102038
143011
128332
629
187585
75413
54770
105722
45920
133648
9243
56770
68869
177002
103691
130816
171955
164368
62672
182959
190412
143670
148311
144
64706
163093
82153
84965
169503
17
168954
41224
13976
32371
76151
97927
143761
161831
156965
154358
172097
146444
99577
124397
133402
118137
52386
18313
109892
111256
84967
103638
7300
40605
93891
85382
126642
170128
45837
57923
149292
166323
27196
265
186148
104917
192005
31425
113148
138507
163628
172645
156587
2302
17004
140565
76013
53651
109896
168029
53199
199763
147275
114125
7125
88937
175904
157662
138065
165434
138725
108103
159526
99721
192659
71829
45644
93486
117180
90707
174438
194448
158268
17204
35425
1954
149190
126667
67005
159182
53958
131298
124667
51034
87766
102728
58893
101733
19692
70719
95422
113760
48523
191273
50036
86611
29228
31274
40333
1260
94737
57687
31027
28976
111164
167146
56571
183198
96739
66742
194622
4838
146905
9403
190542
5933
56498
166353
159292
55258
6168
24044
73137
173955
8212
116574
158070
122972
68282
58952
160354
194335
50821
182961
75374
141858
190835
165758
174369
117352
41846
151445
105808
18537
94196
174166
117770
92837
181493
78133
21654
144130
47648
180407
74081
37682
9981
76324
128074
21563
179410
87364
49398
140446
131921
22476
90951
69986
59546
86128
140628
168172
22276
49738
61470
168806
165203
81059
13565
64831
16028
79
105641
7021
90737
1997
28457
64124
107823
4952
102004
97594
92484
102042
40014
101519
100869
56469
117719
169478
70729
169692
150616
35107
160986
178113
3704
192221
158529
42625
150685
172793
171011
4420
114875
84171
91607
173887
84638
95024
4489
54109
99910
60767
26416
26692
88863
151895
19488
35703
126873
182080
60035
180892
48981
104456
47513
75883
42574
21891
75092
158135
94413
137172
140338
194007
2996
135953
89090
153384
90267
93282
152920
23417
188084
142555
16619
54608
90390
199766
134131
102893
39624
199353
157215
13516
125247
193884
189023
148693
11760
126824
176364
117914
16034
196620
199260
173425
167364
68712
8940
88514
33434
50522
41149
78390
150717
96007
17306
78693
42515
161416
176459
1617
167800
29735
70522
32861
86587
7143
171823
149353
27895
38004
76060
43374
166318
1867
101557
150960
172440
193448
81083
43264
191378
53262
137860
39550
185142
142303
58938
81828
47914
110025
84214
32394
176131
124621
91603
161226
13548
71672
194558
193721
133188
144579
106144
143189
190894
108040
39170
61264
49096
92542
147006
188960
107470
117416
85157
103682
193424
64672
81071
68821
152213
3538
126089
122155
117882
67084
98324
1554
187121
29111
194220
176497
178943
93237
78636
139735
93865
31451
186856
179455
199438
118111
111653
33039
156788
131519
81526
124405
28700
69569
84754
63901
105040
78609
73901
93128
107699
82409
185691
27582
10590
88792
143360
48575
160691
173806
14173
41487
68271
706
44525
70873
20296
74331
115278
25070
97657
76068
87758
150877
119046
136554
9129
16718
138929
15718
77462
106761
135434
141008
11417
134956
31648
11304
46874
131765
91201
146442
46005
43322
86906
151052
111122
44090
12550
123507
163598
107794
166882
175785
128267
27254
49768
61150
99737
53482
167166
756
186341
78079
111448
164817
3019
51837
171365
58098
81145
169231
189637
190194
152096
133286
43718
86336
140044
70918
131489
119725
90766
182169
198703
3586
115568
134199
104967
33897
74035
80939
58939
62580
190381
51176
185830
123754
63255
107722
11070
99548
78929
161829
111861
168675
22569
141932
109493
195021
166413
20126
7234
49559
111760
53121
65270
11118
169337
89308
33832
38277
53177
54304
56055
131712
147501
151436
24042
196270
94373
147812
158048
23818
194918
130200
118207
163571
4545
157314
154376
128878
152170
141888
51433
125951
122811
163210
24211
123908
147937
60921
119709
4114
103813
1586
53847
160180
22474
89298
160574
120763
158720
45522
92904
120067
195312
133816
195431
10300
81236
192203
169744
5489
134828
54428
163915
186302
115495
99029
92687
96712
120753
182373
1089
11194
34380
117808
49046
165994
82805
64279
198275
119585
32646
3678
37037
124081
150447
27193
41295
121242
185885
178513
39220
141258
87528
47805
153906
114720
87773
48150
66764
175229
108391
74139
108865
103996
190201
36483
120963
92547
57893
147757
92990
21145
64435
125536
153439
151579
34338
42362
170750
44467
161585
66993
191939
55856
157129
14326
63584
102540
61258
1450
123805
115390
109096
86929
50167
24719
41350
70801
162759
7174
154056
160440
75761
11504
183287
172692
133218
27633
197132
33814
136761
16830
146292
152178
117573
97355
13923
139500
31551
10473
41064
133712
155805
1452
176573
77974
175887
50107
3738
132156
159402
41609
121428
72656
21037
34712
94529
22987
36505
131669
55675
179642
79001
74729
122210
185252
98569
188122
126352
73467
172341
121407
125004
12492
83356
60436
31460
140176
144532
63113
101965
7926
65730
29566
142541
111230
36503
33082
118254
95731
78229
14446
118992
124625
52167
166812
19154
28118
191816
137135
28608
20844
22951
191669
33735
12870
114710
32321
34906
193672
139870
103064
83595
50892
115444
17883
61482
128516
5194
119198
42982
62220
82337
184558
44940
111388
105811
186278
121632
138279
7582
182334
158922
34701
100621
157938
21123
156069
100245
163666
107520
90747
151215
25350
109371
146527
142326
16185
34691
170565
134020
139433
37455
187459
35188
95782
25507
131877
87009
31840
73497
126971
113732
104588
176343
180223
82079
157476
58071
196611
87817
29215
99974
163236
43428
62111
50398
148495
195914
147752
182045
142655
67996
15882
18491
68913
126675
12468
124248
78112
75295
159329
149635
139541
86425
170358
108142
172080
124578
83932
89445
48997
183019
52148
3040
189260
190434
163478
191154
71401
14045
84
114065
182732
152904
37825
77615
147095
65391
173673
160155
63188
167958
138622
125090
92772
156861
99562
155335
112793
52091
106155
25653
137658
88040
30836
3195
190652
11008
50412
144419
104408
52480
162560
81461
116229
87188
128006
59773
93214
136745
68152
130079
105475
182016
123769
145677
194612
102136
39714
3438
174982
181226
178445
174514
165836
42075
129026
63767
25112
16751
198355
119497
65840
117256
56525
45013
31535
199743
161476
55568
46040
118626
159929
197294
100860
86600
140586
111868
166554
61871
136778
11711
180362
186045
121279
193991
199305
179892
187949
125296
68941
193292
25837
64056
83618
149742
83885
55986
146386
197708
196877
98316
92551
144208
121
180932
146375
122742
166924
112942
37525
35298
126294
87782
125546
128559
192260
108850
196691
160430
10189
195753
112470
61357
73588
121971
75671
156141
153861
6710
88931
49359
64763
103704
74001
8749
74011
37237
57321
147024
72518
5352
5282
175608
40751
83013
84236
57607
57295
57534
30786
129687
62693
123860
8830
102146
58784
182193
109243
61108
107505
133359
63406
167343
147591
85020
54912
37240
120048
171685
173324
58247
91463
123710
105867
119789
16054
105140
112018
171922
32954
32279
165761
40327
83747
7325
135755
52515
88346
191079
129583
123926
48758
62645
48715
143513
98695
176200
46705
191858
172666
133336
22651
133730
184666
95695
90948
80002
42711
149074
149479
172516
163073
36540
78049
171901
3263
189941
22123
17620
28716
168580
123980
120371
69176
118852
137668
144824
90039
16798
179421
25023
111211
154512
77528
66111
152454
33411
131788
95878
34695
1911
18464
138247
165928
149692
77425
136280
33394
164922
72562
107700
28360
37491
87310
121355
134603
122173
88958
78494
59985
161379
10198
99198
54684
179335
171121
62311
92974
90023
59928
173905
141561
66859
21177
165913
76616
116373
111697
129694
57915
189977
159657
141360
61896
67579
148573
76922
91180
5942
55776
36336
197647
12988
116508
195797
6891
10495
100883
135599
105720
107381
36694
81081
114908
106212
160751
121681
6985
92513
188493
7239
114239
160915
77834
179389
152276
101022
56755
48699
39090
150966
47033
97645
192049
45079
158595
67537
173715
101654
37776
6304
166730
93990
98976
96280
132324
164555
112033
58530
135516
121445
88736
51486
46099
122785
94982
141170
93904
84560
118953
63929
191337
49952
8333
52766
52656
155529
85748
7606
95445
118666
145795
16532
152250
76
89579
116900
93272
106509
130676
59243
122207
24268
176589
64900
152125
148805
157739
199475
7689
199874
170036
25706
75415
49187
40916
55596
146803
13627
179050
71384
108644
131443
175812
159892
163954
131315
174173
61720
101080
162065
159806
98102
188428
191543
97383
78055
154421
102113
91159
106243
172718
160246
75862
193589
9687
145298
96453
107208
61434
72845
144706
179392
39100
28946
57055
75535
64742
41440
85754
113338
145598
44702
196880
38
67856
140284
164104
174445
21253
5326
174483
4408
105131
102980
93592
124941
87282
100953
27958
74635
85615
108078
88742
73130
148739
53187
121653
172904
39506
134918
72481
42349
6829
111912
101960
141603
82052
159325
19388
178305
138958
137059
175178
40535
137831
98934
89068
24121
192773
137520
110868
96102
93984
83605
52419
168119
195833
42475
49336
130943
176108
153165
165857
174411
85620
6240
176575
934
185190
58945
115276
116442
84049
136479
129581
95933
142508
58635
68849
156658
20061
167187
96903
138740
57875
61464
59362
114116
73868
112534
27800
70113
96494
183764
48197
166461
184900
109533
6533
24751
187974
15671
185644
155566
46399
679
96164
107184
71415
71182
127145
182170
10061
23083
182600
88567
12833
30902
40709
30433
152476
24227
65275
1532
148281
163717
22
113205
27058
59574
91917
29761
24492
88912
90554
73313
120388
99108
178841
57059
82807
133878
23590
194313
135153
155349
31791
6138
104512
63724
146324
190152
116051
174715
68974
37762
191550
157775
30170
48299
8670
104931
66257
145743
51061
115025
178758
176725
137714
90807
115614
148556
176523
188016
132980
87615
184420
35573
8788
29060
113465
7925
57615
166387
37617
28819
55392
33154
126372
199644
9791
96611
112120
87779
175623
163282
87336
151138
191642
193601
68523
21315
111050
509
17145
163242
151795
42838
172018
48623
104106
102771
168189
100776
12659
161670
190502
51315
157978
157366
149308
89069
156581
184823
30647
18748
35209
168913
196873
71386
34047
63204
3602
145246
187062
65143
62345
126752
111606
67511
193952
187405
171144
23292
177684
61691
52503
147048
5578
57508
139746
58984
459
149234
145947
131030
194689
165747
93319
150373
36232
21869
123176
12820
182908
29647
65698
153340
27845
118256
2840
95455
85590
30657
81972
8593
178722
134559
24344
148970
120671
40944
256
27698
28220
72256
174799
163116
107652
152406
27760
40321
99848
94467
170561
35490
63229
143164
137314
74088
53614
199552
193864
167707
17984
146680
2395
101824
181322
41902
151649
149533
7488
36212
96470
9624
72483
71231
172897
173104
33459
134165
69587
116212
46270
199521
146064
61265
63374
81238
8850
142752
98204
161978
194082
127072
196214
31985
80815
127061
85041
57919
72508
40059
63742
162802
102970
8767
2389
125278
33483
186740
81995
66738
126941
117367
87547
175211
46669
121567
148134
20017
69431
20179
5299
191670
65230
181213
24203
149606
172725
3617
142658
175921
158012
176607
58598
65929
129926
172511
157802
22210
137631
192060
166321
20972
177789
68630
184574
190994
101323
133817
67220
181970
142853
126343
84188
100990
121488
166428
76750
138031
34535
63804
142784
164889
137079
60328
184589
18773
55459
30290
106885
192476
104737
170577
83863
77777
33564
136504
6482
59583
98775
157230
196997
22497
5371
25262
147343
53013
149407
37994
19299
148442
188751
61736
170762
176893
46991
102824
120278
87357
67701
75056
124747
118913
159765
179414
142221
176843
89439
143216
137719
84218
158263
129940
1265
193262
69508
105299
72416
68332
116515
118253
103948
99754
176711
116303
66793
115541
92731
26164
38079
103574
141601
32324
4728
155115
135720
126315
12017
185242
171693
193565
116253
172572
17860
104248
101003
71078
187324
122530
132703
147818
28417
185764
146612
41679
84169
65433
89173
9478
187683
178185
86266
169054
159428
123483
145934
103474
180240
141012
4945
60705
132133
36841
198712
51288
175391
33873
47134
135795
31150
150416
183778
77260
33975
104009
192974
67880
196448
159995
16777
86300
175309
15035
35426
99738
32117
83934
121399
66887
136216
137082
167977
147672
24733
192614
109466
24569
45730
98815
81276
56058
193414
67618
152665
7726
169727
16549
177655
132401
196766
190653
51755
97552
92396
196961
51197
194801
18308
41445
179732
143477
62078
77496
129460
100443
23460
65439
133847
1762
76944
173130
54984
6714
97393
114917
156881
104428
149211
183560
93152
46160
176822
73743
119350
16462
23614
180446
91630
122928
91384
545
54827
161056
186294
159810
68219
130508
115067
66513
134442
19295
31932
155757
128794
57226
