108494
88769
143275
122758
97195
71462
144246
193498
114342
106145
161720
38556
37224
64723
124282
29058
78081
96894
94284
55059
178146
6893
12494
188930
184687
100620
189899
46345
73327
73813
108993
61770
65536
12865
87895
64683
188723
20039
182164
128731
31736
42990
67324
60372
129846
43841
63748
63607
167451
143621
65284
123770
31782
161798
56078
3921
135629
49557
14991
134951
47978
102318
35340
16700
70646
137807
161373
20560
357
22008
168068
192891
71788
78059
156772
101936
180813
143461
97455
175280
178553
10250
28851
117607
64815
40913
157652
198562
99424
118549
60477
176062
59314
36647
83119
162578
65466
119658
2119
180007
58302
80150
29245
143264
6570
105273
12723
169756
175367
176714
181148
83284
129503
87825
36429
103519
149710
38660
78392
41997
9187
194467
164614
102254
20066
105724
2643
119280
84013
127840
94868
115914
49217
6663
167788
121473
155224
166782
175006
94905
130477
173062
47740
387
57336
147962
41512
84618
34772
165641
134450
168844
31957
162983
62904
135692
149
20216
156517
179643
191812
7430
119083
12951
78800
172154
150429
32896
111979
165463
40996
100985
125002
66538
83981
179769
9594
178620
5707
163815
192874
170135
17965
18905
24258
167785
126011
128512
74128
142297
146473
71530
21898
60670
156258
33748
116531
144202
31663
60996
125085
4792
25608
162904
62585
123219
1541
165016
49625
80196
6417
37404
164184
86579
36259
133685
59353
170018
92877
31242
123055
144088
162391
52678
37067
30535
94601
95566
69340
102998
39099
132740
6900
48193
60388
82544
59794
188880
89247
22848
189282
122763
197608
68289
133820
33061
67929
74425
38731
79677
68650
197152
145467
127433
139737
178607
105914
16177
103839
85412
188619
59056
51789
146427
66187
165584
128244
120517
4399
131563
52224
164117
153268
33768
62749
132857
124885
49771
39755
84740
86535
190264
76722
70744
187399
127901
139145
172411
78732
14667
33995
96363
162786
95031
126253
188441
22499
184311
161283
100484
66672
165125
154231
49050
139557
187707
176288
150756
51130
192227
162866
188147
91475
197696
24678
146430
77916
176742
22434
77823
21584
32088
1053
50248
85051
18027
65496
198840
18285
84612
158078
164236
86705
19552
9884
62696
83098
59807
79758
117521
143830
60574
24498
21265
197067
74687
194221
22148
52871
70673
193698
150448
108262
53385
172593
55690
85235
32752
22939
4215
38776
20110
172333
197206
195644
9014
82886
39602
195231
63323
121123
167683
148611
29937
168372
156328
13105
155902
142465
14278
95069
55033
35718
165847
39933
85976
53555
105828
142235
89287
50039
136659
176657
8590
167090
63612
54524
178516
82467
132304
113191
22428
44816
101539
94749
101168
68918
173960
52817
100364
102521
66195
47720
91511
185159
182106
41998
71837
177028
60960
53358
173564
112111
54835
53368
39030
46667
141693
35436
47677
58122
58539
186712
8882
84549
174848
91501
24746
36547
161196
30489
16459
49115
185905
189302
117354
27398
180262
196181
83420
72120
167855
126747
174049
19256
76190
176456
175352
23645
166530
106081
51303
23396
25290
61240
42842
15034
35473
190017
195399
121883
152367
120030
175399
102229
29311
191049
70000
146303
187821
120312
32733
154992
129721
68850
135193
44475
94502
48235
59661
190744
64803
122454
90754
1261
543
29579
65690
65975
123212
136552
32271
91043
37769
58468
150496
150753
56318
152798
152467
85711
121205
181754
86105
50158
83018
199915
169663
135375
165961
30316
108553
104291
152867
21014
177733
164804
106776
133319
53415
135489
139576
191526
135229
53571
141686
20015
101564
26687
131917
62117
24316
176806
159479
104297
180044
11279
177770
110654
116952
135879
88545
65777
77831
154145
119014
121157
169443
60171
139446
105205
94181
2577
142122
18655
129563
69277
69417
156505
178991
22949
46836
157579
195015
155377
136893
180858
109335
56006
197408
185573
44654
126454
94938
72133
198465
8039
199493
47531
151557
67749
34996
23488
73730
103819
181559
144948
64261
185282
63759
73926
7134
16059
145784
161833
121604
36168
143811
90628
84487
61070
22873
95120
106763
129653
23530
55189
48951
28249
70118
3255
3784
160658
134551
19632
125698
4498
39005
39544
46646
131787
35380
133521
174969
122114
89127
190369
161571
174875
26656
37377
7156
20481
40695
45576
184290
44284
126870
124358
80324
172285
13082
174120
151433
169813
73182
119206
138718
1486
18975
47793
176703
75740
130754
110577
182745
153477
18892
100567
77234
126948
60934
111560
134879
73122
108028
147539
165413
194156
189371
129021
82622
153523
1783
8528
36603
106516
81062
61125
75336
49572
89282
197365
147601
174404
184321
15331
37557
78324
122595
164084
22236
59761
99016
83392
22587
3871
193726
180523
188762
8475
79818
143872
144424
1343
17200
88131
175278
143293
67182
187934
67497
176878
106715
118663
63220
47142
178731
185471
81701
170688
127947
37669
153557
59944
3048
147440
134896
16342
164589
37971
71370
143037
183394
173016
34046
51104
18692
110360
87094
192290
174275
166137
16118
91759
17089
193497
155602
23715
99389
71349
41182
74112
174088
13028
162604
159904
61650
111235
119371
55162
43140
21567
168667
76076
1876
101403
135185
191803
2146
132725
1248
19252
5446
66035
80680
32920
179825
167077
156394
87249
138915
76546
102836
185756
82179
14873
53330
136184
193704
102070
70427
150769
95497
168292
42386
170541
185851
177689
198201
94116
146079
56877
35445
166537
146001
118204
113737
92382
66336
165723
195140
140798
63282
69116
111209
175635
152212
70883
147240
72937
160842
171117
21258
120899
160770
96141
97746
41757
147032
104618
4549
11039
51192
33163
66953
50094
5625
23060
52614
99338
183220
162469
23125
21513
88174
70117
87341
64752
66056
161796
99138
42484
137046
131233
96783
81793
10184
81859
108265
177763
182486
155266
81858
139026
34320
106512
1080
44801
148275
182622
175662
70988
122919
160191
72837
14389
71853
126910
50350
177408
91883
155726
184735
5345
91689
118548
167752
33702
70299
38012
131112
144792
158071
47629
93198
130242
111276
128965
185374
158688
188570
179051
131385
47764
124957
122938
84411
69481
88160
78838
135844
176539
179684
148379
22793
9516
8098
27981
17441
115613
158605
13651
143057
1538
28433
180188
56874
73768
107589
23632
145894
40450
119393
185095
80441
64660
39704
174486
9038
71687
173120
74611
137980
29590
141247
138961
194641
144701
195471
128248
94117
3085
72734
37828
102520
51973
63979
27447
29670
154645
57711
40425
175394
146848
117894
161094
6155
72321
198669
30542
175294
21566
106033
82704
54901
104577
49813
10104
108558
26109
142580
111839
90146
68103
191750
116943
124093
98227
155197
26455
135668
110717
184569
191654
163122
77673
146499
152771
192019
64730
84765
30858
17537
145435
167149
65907
195317
35636
5761
54
188034
63308
178672
102151
72940
72086
75558
118116
23592
142408
19106
171146
100016
178835
4695
84938
194163
133699
196950
113566
66009
147837
31905
25988
93074
115295
111822
137697
67768
33806
164291
29031
69503
7214
38306
65395
83958
181880
149104
97482
196107
42665
99491
67286
89811
172965
47981
8944
89175
53754
135235
136019
70114
170382
146067
136487
55624
89186
186427
41431
121841
126894
29379
20727
65156
24057
159957
141164
182131
84837
139703
99273
16952
76143
174005
144163
125386
91058
144328
133573
61993
59666
198185
18574
136323
67570
48142
108919
77309
107227
16607
111348
146862
156511
149335
167879
11390
65465
199726
197155
154558
143595
35386
60317
51109
14970
127848
71521
160633
199536
38291
127872
71385
94978
142279
75587
127188
94048
107109
123686
109791
119837
51498
87734
146566
146424
95891
75148
145754
137110
52425
174141
34780
100816
85585
188755
149428
32139
168313
61755
35833
24012
142034
130465
115503
143793
51149
95882
127569
16531
169666
2283
74468
143875
176249
175096
3634
91673
124993
107148
30261
136964
162146
156192
143154
59748
149877
127555
155616
82376
14598
187743
10288
101940
97165
112819
66240
41035
159282
158186
136325
65523
115883
59817
181123
69363
113532
197346
48833
12490
119158
147944
154462
163863
188780
100227
108323
7984
199959
187357
46718
86082
78115
116347
69762
148064
146231
96867
96021
28795
167680
122747
86764
60895
124417
111327
31580
13013
39039
190875
55492
155011
24715
138527
23104
147531
156447
38543
1996
63876
180224
144071
110350
135915
135969
41061
78803
2211
170301
2169
126371
135986
520
39395
130267
91449
5361
36913
156297
76251
115333
4265
146286
159237
37333
10655
98394
128901
8154
129895
173443
41564
62697
102062
118510
69788
32634
127167
165494
96273
162692
16005
93912
69877
133602
168131
39254
66914
119283
41551
55118
170045
34723
144267
41778
198978
174444
132788
129451
52796
178314
2339
80790
183784
28874
129927
29615
151370
156816
99969
109643
158751
189813
183245
118067
23481
147899
146853
92226
98526
61063
178497
157207
120454
103889
63241
15979
12359
31443
68811
1861
5483
87296
988
78129
124688
31316
50222
100903
22095
99664
105124
191326
27350
120828
175180
15670
196499
48604
149223
154587
25204
16154
172475
190460
71615
34514
185975
59805
109880
141787
169758
104530
32880
54555
169581
74849
33743
178370
72578
24780
42132
190665
103196
160173
105536
108660
187262
57435
64574
46494
199722
143828
106006
165386
74048
15512
54655
139697
3307
114318
61907
12859
27970
197439
32927
185436
7872
48306
192366
24396
160332
145510
153065
63660
86886
18121
55640
692
174299
82121
152985
4542
162234
132940
148708
19324
140386
167757
124013
22822
90076
168728
137245
50351
1831
125269
144593
149089
23446
128041
198836
138596
105636
164414
44967
187395
65985
63384
150580
89242
3236
4107
159107
126909
29885
60075
126328
94379
18025
44657
82515
118513
168693
96648
158054
142607
113195
13941
150604
22017
135585
23441
33059
22871
114474
142950
96267
9945
121255
107583
170951
186459
96205
186848
165884
198156
107593
96332
12585
33357
70976
35263
189904
83415
61187
133305
87058
90344
146435
78178
146454
82484
56656
149763
71445
141690
64311
196093
59571
145719
60588
68852
138616
34425
181342
12200
82363
186892
198770
90943
64099
95990
93287
138701
30446
89570
160488
188703
104589
115207
176306
80944
136506
97831
192398
16
189007
96407
70723
100212
190540
38073
182853
32108
124926
145950
18517
166959
76493
195401
28959
153101
69901
156099
175155
140099
170599
123664
18941
161690
153646
173775
114185
104054
176310
145489
72875
197992
146419
169466
78345
9332
124255
130901
45605
142088
89740
138767
93810
5733
43787
61500
169627
168490
99607
76322
60531
124760
108878
199017
91745
65687
131407
128675
113779
14899
16361
120307
38868
76849
14767
134099
188750
183215
137727
74108
159638
193759
30680
74968
179042
79329
65816
47664
171242
24308
1509
1756
29971
180725
159232
186719
184562
50473
89210
146546
148158
42616
52161
74384
123371
155850
30518
9218
30126
157154
82102
184104
196633
140964
181508
178231
52416
63157
156027
26380
183118
171575
182335
25945
165835
174335
137037
103206
101279
20177
134864
89020
161209
105149
138670
16984
58594
65945
196463
114592
83602
101495
84259
182188
29363
130971
29094
2620
122041
142885
54645
144947
153189
61937
162216
102492
91452
170619
9978
166020
117058
116411
135490
197340
114945
69857
103826
76332
96925
178988
95218
5076
162196
194569
160324
102141
12481
190673
33159
171349
150075
102035
168553
193928
51342
103533
68457
199426
22670
93818
108564
181749
37597
98759
76948
91168
5643
65037
109998
57621
165066
6536
156220
13700
144574
46019
154989
19751
153440
27696
11883
3862
14849
121592
158489
194838
102037
75343
109192
94131
43804
87608
31485
195512
61503
65813
106862
8428
175667
15722
141111
60429
68367
125683
39540
35826
68237
158495
104396
179606
199709
90397
33767
153718
8910
107726
72323
32154
10761
81272
140949
77315
68349
105377
68400
159406
27200
154775
179226
152399
199870
98304
4166
13509
151677
139496
65376
152789
194109
164393
150305
59148
34746
87001
154530
156512
73950
72595
107527
56581
50282
145473
32366
143948
116026
88434
196953
91828
56660
172068
85673
44252
102098
96706
4041
105060
98344
69286
70659
49829
26379
126724
177922
180915
46166
35869
18932
122458
20428
38260
14043
92884
184231
61718
172463
48854
168461
76459
80891
17253
73393
151852
186815
29142
84591
140517
27559
182231
106147
65739
14118
13047
122751
192087
26607
189186
178044
82444
158216
138675
46175
92902
179397
15329
94174
82693
11694
92283
59915
7481
159790
27069
10322
28823
66259
25029
136801
98262
61114
15204
195163
117401
106983
196160
1461
197338
30006
77438
115729
65531
199522
184668
189522
72928
55187
186970
149993
177574
111098
122462
60233
161452
173434
13115
114944
182768
130962
37965
71712
50142
8568
59142
72881
5801
40202
18164
83972
130547
4079
196527
174364
109748
186258
104166
144201
75579
41435
184858
83204
8162
25040
26442
103237
34647
148601
102903
93743
71163
81842
177487
35676
196754
85937
129807
35692
58917
173837
6415
27214
131486
53314
63249
1334
96659
181180
6017
37489
79902
183397
42695
138707
47051
122792
19574
73211
46131
124355
188984
162348
60765
59304
166433
173974
45007
94368
184752
185733
146820
47550
179453
162090
51997
16077
16539
22606
32135
124219
195834
116915
193233
182784
183608
26715
111039
192486
127929
80845
88732
54829
34706
75518
129298
79526
9716
133678
131739
135612
77415
115551
72764
132998
111939
44987
119091
48462
183302
25643
20886
51221
158051
69045
31540
82954
164815
143915
34148
69695
14129
125157
195177
189055
103036
83074
44445
39263
183571
190089
175080
55140
131859
175910
37883
83720
81103
192179
105691
103325
85554
82107
108578
82769
66941
184756
188766
5629
58143
103450
147442
28443
90920
35097
4481
137529
198063
138235
192407
65602
150044
74099
190598
17220
143177
139792
105638
173464
22936
71215
126513
105559
68093
195589
196392
63342
181891
171821
67244
64066
67465
78167
81882
94511
139404
140316
170748
18760
66484
13100
179859
32627
108087
178659
191993
52557
50194
180862
5669
146329
23415
95935
180740
152674
122610
44992
12354
121084
31669
41238
61792
108748
157951
184958
76687
62673
10010
59865
57137
89363
118847
131344
45475
90248
82553
181376
122876
132321
166870
197161
55866
171662
8134
65971
192190
151886
195449
40273
7965
74042
104001
179603
179654
150557
198659
137293
152437
77708
187085
97907
194488
179889
45217
23747
43123
116412
32558
93738
167923
139205
59555
58856
41661
162412
116742
98290
155427
4224
53293
85088
107711
65623
32900
14515
71335
30970
146522
77963
508
49668
77320
197908
35528
21464
26008
169760
51114
70347
20393
88231
153536
101804
192141
60292
166451
43685
110771
123481
82609
175327
118922
171460
112818
73690
26207
121400
189666
60795
60621
108371
130867
155973
96782
112587
59966
54191
84238
183599
24285
186979
56084
12066
63079
116487
30996
129605
22118
19480
81450
180146
96897
25386
27319
8577
160195
85751
110239
134774
193692
181003
95409
142298
16181
67898
47954
152921
151975
39706
78685
167352
161364
199950
125522
168419
73489
174679
190461
11463
153359
48413
175571
167024
179664
71877
103396
169548
89280
19078
48539
39444
176331
65664
80763
159520
118865
148023
4371
53233
61119
6044
139370
189726
158120
83913
132708
38335
162789
37007
11692
24457
23285
185518
149567
17359
181162
95947
102861
127583
39207
69005
68212
75605
188545
56320
172508
174943
16440
104695
193767
197372
143702
193275
81874
113453
156
135200
96763
41988
34607
5084
66972
159954
141257
134143
104748
51003
80453
161515
111068
37935
196657
164912
129232
97394
36517
126420
187676
142070
72272
178559
42710
33078
130416
38753
67403
189929
66735
92751
22479
195762
25902
145123
5823
161800
180671
75306
29606
43999
22846
116468
186769
147744
58241
107950
123943
147871
196420
184002
105510
155424
21926
83903
197336
113915
62016
98041
94899
85464
192535
23892
24196
5725
47540
154406
122748
27580
56254
34158
33273
52188
72238
136850
131462
185903
142480
26206
159516
113707
188848
141773
124899
129751
112209
33697
149346
33675
113618
97999
163536
185548
22953
126275
179435
193570
125531
34024
186475
82849
132734
20504
77145
114266
13229
187555
141800
185550
28484
115917
88744
67541
102658
24570
185467
73319
163217
127091
129507
194892
91791
175161
119313
116057
81073
34707
185253
116925
60768
195155
93536
51448
190932
183647
191605
89564
183033
27248
133789
16656
52660
34726
197858
69969
15412
160059
42081
32968
147996
99892
139564
25796
19372
152918
103249
28704
24670
106578
73388
42187
138807
127932
75802
162148
170491
82299
29147
195790
131185
80225
94584
58418
66249
73610
141510
61863
134608
122486
164472
171800
85729
107747
49030
147858
67235
60771
175644
100497
80839
124852
194426
95331
167337
1832
106520
34728
75297
33465
42254
191020
174121
164644
14028
59249
24567
123247
136511
139346
177466
93235
194231
42676
13255
25435
24096
31028
10480
48632
140392
82535
186648
164101
121658
11580
63995
148350
56261
50494
163132
107537
133070
46463
9741
92561
126216
127502
67369
150459
184510
193723
122853
119341
65679
99106
167796
173704
133815
148449
157751
87717
13840
47373
135044
16401
65618
9418
130321
173561
145856
155139
81673
48953
126086
133545
78396
89294
85831
24002
2713
134146
142671
192665
163408
191507
48815
159042
74723
96625
175270
105001
130148
35602
64844
191636
20427
144831
11910
24728
187396
19436
17694
100963
134435
186464
75309
167447
78197
165572
197256
187115
19590
137452
171127
173461
129990
142318
113355
56945
71619
189379
80458
4562
60053
118272
189912
184102
20905
152355
48650
124603
129002
181155
18247
56477
163351
101656
101837
28320
185660
191261
96513
112632
169837
54366
60220
82318
177482
53062
32290
193716
104534
69401
168312
130569
172876
136545
175393
116461
70363
159262
197473
87300
7830
132273
71863
131217
102015
151252
149121
70637
3483
7673
70649
23280
116195
27624
18382
168911
147311
40219
23528
121238
22429
71989
21865
162315
11757
141379
173053
36351
14501
108466
76252
170448
105059
5058
75992
182720
72779
122271
148180
142356
112396
110248
83632
66785
69597
98955
90890
46027
140040
48163
117351
85771
128009
43716
3868
20313
194117
24296
67549
174565
8073
176543
53468
142010
155984
453
57592
150155
2387
17209
107433
146334
78895
9581
183639
138121
78601
3506
118639
106380
100352
96545
92402
18788
108897
144367
182563
138604
5750
465
153717
103079
46539
35050
4623
54100
128868
121693
131620
85764
111465
118101
124166
44251
60295
125641
136585
186589
151282
104232
53242
140325
187523
101181
154082
125981
122937
173705
178380
42072
8547
190990
107167
114446
125113
33594
42176
156920
129924
198040
80115
157363
77961
65375
166177
5508
84908
74348
43875
104653
136426
65099
60166
7599
146914
155516
79309
95089
23799
75982
55980
56905
57375
81685
104708
140785
121881
103346
11953
26149
37302
141143
146990
15739
121581
195999
46457
58105
87665
42184
145223
99963
192710
46162
149515
147630
19839
90233
160416
169855
91363
41086
67714
85418
53342
184055
40700
163317
67232
108328
93470
95565
122297
31754
137254
116909
145939
191976
174202
28931
189053
3475
185243
33546
133151
119382
141792
30839
56701
163428
54338
100002
111670
74799
172590
45190
109373
3181
167976
115809
32077
91232
101075
23400
31120
14290
14038
2095
111787
76582
146694
156828
68939
25975
80896
115311
46518
24350
65203
76725
133277
71570
36474
140412
124154
192753
137208
149110
130224
188659
33866
18711
13369
56639
124091
170089
91083
48242
99741
130460
155436
185943
2982
112695
13736
183504
9193
94338
157384
49694
107465
68137
99569
173972
95202
62636
66196
143844
131980
152660
88960
15133
20668
93794
72011
55936
100564
195016
39432
59957
90872
69356
185474
140883
80298
76132
199110
93238
21332
165949
13615
142689
129436
119456
94193
73683
47728
131
11526
151632
10843
65939
63508
69316
167938
23242
56901
61881
27096
97901
52230
116621
136497
59170
51657
92431
108656
54630
196796
112770
110857
122
144524
189572
65137
77409
192512
169030
16845
116785
15235
16145
34536
17790
94783
5170
7780
155560
151120
174454
28783
95911
21724
6988
67081
58976
98288
39177
90527
127489
177330
65297
38589
171239
122467
8816
90857
178025
15110
179202
65703
18531
16463
126457
116741
142253
185355
167286
110663
174998
84930
129522
24836
192171
108139
77258
99186
46015
180846
176102
4232
57009
143525
48477
86256
184595
82434
68982
4804
116289
128308
28943
133420
100070
178636
127560
134900
107080
63499
52223
108889
54092
179087
88271
72949
26328
117779
12321
65271
118935
138087
127855
106063
4487
153282
121897
176903
197519
59167
125075
179581
191285
65885
189677
60538
174822
74490
169474
86178
117529
10906
22703
107290
24264
106753
5401
14261
1278
49974
140479
44172
166906
46023
82865
40622
187838
110837
43159
173502
15753
81812
162224
190696
85281
168112
15207
186430
49098
105800
86176
120944
153168
27258
150156
23163
1384
121430
22066
49074
68392
115622
5402
14451
23012
178417
70345
79442
20456
78070
92939
49934
26768
43488
151517
78428
144704
22886
162938
6740
81727
127187
54375
59808
31422
110779
137201
118395
43906
58402
88369
34398
88335
116299
82054
81410
76103
38877
96294
149707
182642
38825
42428
95920
1469
32101
177710
1251
61883
181833
111693
35051
45065
142793
79896
92072
73138
161280
73954
97757
27764
120991
176321
74066
148566
156793
108157
44301
185256
76071
92066
41029
41436
173137
49152
157078
17901
191336
101890
58723
179996
70017
60816
152948
103629
13086
170322
145023
171447
19647
79235
30756
163786
199234
45279
52767
106561
5057
163709
128907
82612
71639
34587
57107
184894
154371
136509
125796
160347
59182
196495
133694
1275
195392
67574
119631
139304
191879
99923
180974
49021
114336
12508
118225
54595
137523
13884
177965
106713
183429
167580
151970
188788
38799
161013
93382
167961
7160
157936
189382
37296
121872
133073
163698
133534
129838
197515
148203
195079
187103
88135
65053
73884
157785
192263
51517
181610
157152
165101
103317
126862
136711
197536
111865
173726
110381
15427
61684
198652
69201
135364
75071
127150
181576
24380
118485
1001
156817
56675
122944
26142
117889
14366
194161
195367
35788
122474
63117
73466
101674
143438
25200
199648
135843
38839
80745
95249
58249
59797
170906
134023
139343
25271
173371
59492
161161
76340
115306
125504
4081
145797
53278
84261
30449
165915
45849
7166
157762
145403
139016
64315
12401
52719
133241
11660
27560
81623
122344
105064
177108
67440
34610
125301
199025
132872
13870
175440
49645
89137
183993
3739
92727
158417
171157
83310
184613
41197
198447
168161
39683
199382
109645
150572
74142
173030
183741
11098
37676
116239
190750
29515
15707
170406
149090
43133
83402
30605
75988
100545
73815
156826
132549
12572
63569
110374
41972
140559
160128
144620
106481
143209
173328
128557
118599
15508
53656
167054
52639
161643
116218
88000
50549
89395
149725
130075
120295
175483
167798
30964
151261
105085
44925
121907
37315
190448
121706
32230
48095
101479
163399
33938
125623
24013
174653
55374
34123
154768
187558
108415
86
111661
183332
114636
158778
73326
166693
116942
19126
170573
8842
184337
192057
9462
62783
30230
150029
68095
151603
22025
42538
81750
9012
79704
15113
71649
105473
148590
172708
29617
40866
21626
194114
119614
19738
86912
65098
181844
134984
24186
65627
176256
153014
61098
70922
189828
70079
157278
49061
166926
192091
112741
164056
134105
66682
192254
29779
71354
65896
88216
190870
35178
125005
101174
93142
147705
161650
44325
99154
30992
126543
134600
161015
95735
11976
117706
72825
29028
76606
94256
40396
150457
7698
22923
104880
190933
5111
45034
101580
131525
150906
2529
184987
19487
30144
93884
174232
26770
115833
173519
52244
98500
129699
129922
180160
55536
85429
178246
20136
8021
111104
127299
18938
189991
72587
114789
56305
147446
46475
108490
35552
17662
13330
185834
152058
105673
141775
139728
75004
67568
28256
69243
69572
95189
44993
80351
77858
194182
97379
182739
59252
3096
177829
104174
75327
185272
126162
195881
29200
43595
139484
159393
182160
2321
60338
45910
15463
28745
80267
115453
90982
71174
104323
157311
45701
103254
30834
128441
182635
68968
187709
66849
47854
22990
115789
21365
70882
85578
79807
127866
169362
91565
3775
187491
110399
91225
81608
197063
95238
40707
47401
6579
13429
61849
133540
177181
56974
108861
35015
26373
130863
4659
17830
138553
130362
31681
10720
137413
14170
150629
5335
89862
52820
164790
78790
141583
37861
174213
39895
81883
75183
98911
21571
29726
46167
27593
161744
128294
174913
142676
65381
3899
115671
125006
55366
9990
99366
16827
19065
109456
190000
36655
161727
67802
48327
184449
163335
11261
95203
190921
56846
46648
116165
49705
151151
22859
119141
157822
172176
191264
165078
43793
1222
63700
27259
44556
88310
70013
91182
24778
115210
45291
186486
51473
79857
15452
193502
157058
135834
60332
130028
36829
128724
79394
139289
148277
69624
156278
135034
149697
116760
140419
143144
141611
95384
193254
11377
187344
143581
37987
25469
162926
31039
91515
145455
173733
178009
8202
31441
167883
53534
87756
69583
143198
129601
195453
143245
121671
63202
8705
140687
128118
80967
44732
28649
196783
34281
109117
85205
182419
24191
22396
187332
12872
115517
112575
160919
176430
41386
126367
113996
17489
131528
15189
60308
149744
114183
119917
111401
27649
65134
64569
107878
86137
174967
146672
179542
111326
8778
134659
170179
93450
161102
23817
79940
173950
91959
134773
28688
156714
33473
154893
182186
97569
174468
138051
127013
122825
158848
64826
174915
164926
174788
148092
71325
78102
90811
49751
50727
61705
175534
5584
116588
32004
71278
118299
25142
172564
34963
26444
25378
123236
59869
31250
174965
156292
137551
37205
10491
91507
143097
12447
12209
64052
157070
76526
178341
82771
112210
13571
137478
49555
152609
168586
144420
79675
118255
146210
14986
58954
27979
60456
11822
91960
42594
195332
67987
16735
170792
59665
7550
198930
116425
144228
121690
17217
50529
71767
652
23884
161009
55920
62391
83796
170351
168909
149119
150119
14693
92176
108953
149339
104207
76811
177253
94143
170245
136844
179820
144823
160404
198816
77766
70164
186525
120352
11922
1302
103144
145887
18780
75717
59440
109167
168475
74147
16198
71534
130468
17317
17756
52947
174571
131164
28482
73154
129089
38787
1286
28334
96656
102488
164610
167900
128201
160998
147469
179620
137927
109676
83672
156285
112836
175889
150804
83630
9207
76587
174936
6585
110194
161665
169403
58042
472
120138
2987
70007
105788
139173
121106
26901
1947
128598
16734
38343
194383
71707
8372
10363
116173
26092
136444
55081
113640
91031
119590
106695
120227
8113
78509
11728
67760
109666
92488
34850
117752
67535
93113
125596
186978
180727
6490
147083
176008
169801
82834
111827
78915
50645
81030
180972
28007
31065
23168
30678
145410
148410
117662
186230
128262
58233
59941
12857
75166
48942
3813
70188
43227
134112
106845
4454
9334
112282
145234
139841
159384
163213
152027
19022
184815
134055
39922
135246
52958
140903
134360
194533
30008
12495
193332
149843
53957
172055
181425
126448
101907
13783
65345
117013
88674
165239
175558
177185
149820
148373
62578
65901
2306
140223
60879
26369
181718
100143
154666
199162
21682
177899
59795
92826
101295
73226
1939
52822
155381
182392
160942
74361
32074
156977
36929
21752
165438
50391
109048
176546
197323
78245
37763
184663
33056
93863
19701
3487
196921
183266
88764
1230
113172
73686
66689
158008
74778
127375
98738
75086
2675
194477
186650
93394
187011
165302
14778
15507
111298
13665
117270
153624
166108
70248
23355
141130
94204
40406
6494
192856
132803
76105
71285
5448
155162
166130
122088
50125
114473
26547
180095
165547
80332
48438
182620
82596
77698
51187
146976
157390
79127
164562
155324
94358
118295
29516
49970
8301
188579
174924
94408
87871
148572
112738
14091
72109
21067
7500
70828
724
149100
162621
49924
19508
186828
99612
136514
127456
7765
161358
94398
138793
82843
58185
183689
85398
125758
135050
75674
195053
14785
132042
184425
918
7866
33054
140395
33711
155869
40061
38560
176712
4172
133838
187799
12038
34479
19957
70915
138827
179187
79097
176989
175756
137050
131406
64955
119749
121478
2779
6408
129747
41200
144828
161184
3600
81798
147171
179237
107710
14756
105784
191509
161586
154820
131025
68050
25151
71178
151102
177336
124365
2596
189745
107755
94728
26784
120377
132120
54938
65448
71879
129177
100041
130537
79280
46917
49701
177171
58815
98146
120971
135398
141382
117693
99633
23714
100388
88263
118317
66381
199009
86532
170240
41246
124407
86655
17612
34510
143050
96647
131144
92791
174437
193933
134633
163464
133658
70972
148276
134129
102462
65478
115547
150385
150499
164052
12440
88112
156246
3191
176378
196437
17714
58835
136590
60862
73225
62734
197023
158163
44025
112697
19770
9621
28046
196986
55734
7613
80582
78615
180534
143046
66176
198962
36191
64244
112943
131016
139740
171272
182828
190893
48618
80188
95106
50593
11749
21074
86816
198432
94334
181444
158505
161773
130169
186001
63310
181849
90120
183197
21381
155862
24221
10154
91015
85455
135460
39289
58969
148514
132593
169042
182803
57582
68980
30871
70116
60837
54880
50258
69094
178577
157506
94069
124556
42225
40822
60043
38544
106427
106570
33787
29967
185074
90181
137148
179487
66619
109091
112287
145890
197944
30462
154559
159074
152595
58431
157625
16586
73199
181225
122234
58242
84212
161838
123942
91209
17235
85501
73804
65508
38367
150757
42049
20593
45080
114674
95867
27351
81493
98381
184552
31825
22321
156645
33752
23118
12306
41392
39861
76042
181633
37450
121930
26539
162875
69461
188992
128326
199742
188088
49930
64880
39274
181913
141850
156656
95461
121458
175050
10060
66794
77887
9053
41996
88443
85989
162665
166239
340
60204
70037
16741
9304
120524
98872
63669
80941
111513
112665
90649
71424
22795
146890
182873
188099
10296
73611
8798
74317
85293
74884
171411
51150
156049
114101
6269
71616
52578
148165
197587
113698
197055
164308
180477
57383
37089
63395
82561
141563
96595
142250
178187
158413
174557
177966
92721
17981
14229
102065
21456
74934
32842
176896
113683
169625
193714
141708
105910
145608
155607
191197
177889
104391
99072
153355
24080
5991
36038
152343
51511
57571
36414
5568
46947
76306
147481
28538
51133
77512
100004
160733
185304
140442
121831
70970
21757
41565
108633
13533
75135
165298
161599
34385
37166
29700
150764
94860
129442
61062
189157
84154
109868
12069
185751
36868
79783
130553
196849
21057
161260
165179
44544
188262
29806
146930
55767
104697
80674
5980
171529
79346
35645
20043
124710
29162
32072
80854
161608
59028
149293
197349
98130
172445
17303
81098
145803
179338
167197
29620
181918
93197
87860
153758
108231
22436
155692
41854
72763
3044
178791
36834
12208
47389
75874
150748
153185
68404
20511
139996
106510
126519
133754
104811
85994
55307
108747
192667
32832
46452
39493
28901
58429
117074
80085
154244
185802
198309
121245
151894
137877
132005
128438
50998
186192
10517
115763
21333
117482
168270
177798
42555
48030
18422
61001
186225
149411
177734
37651
160702
20222
16992
16589
187563
45091
165401
77226
67592
30629
131417
186542
38505
103088
124312
157399
43512
35789
133516
65382
45414
58264
179491
185595
174022
130331
196954
103914
14828
52319
153294
42474
190859
45070
151608
127117
162351
17034
160611
64270
17752
64669
173601
171964
110048
19576
29478
129267
16578
109321
95840
176385
69958
195997
2963
71125
3053
44737
147280
36135
147010
59355
66967
93812
82884
68107
52744
75133
88553
99214
194884
76693
130850
121527
12136
75263
118321
183047
110056
28937
112475
18738
69721
70323
139225
147571
110967
117184
111622
75676
198054
4147
32732
151800
90569
86881
155746
199810
40597
188304
100654
95555
183420
115424
153978
185559
58330
112166
144897
123618
103541
131781
18094
20099
194634
187859
79302
108632
17378
3685
60016
133625
60353
138626
168410
127779
34738
183433
145015
135597
118610
115595
74597
55063
9142
25334
82638
115764
173093
63972
136734
44741
163480
145999
183590
15759
147453
49841
108716
89067
70124
26033
195182
165274
3590
168989
66435
112765
90564
30772
70681
7479
43874
154063
3662
175999
7407
187302
21789
16893
98988
8790
20895
7924
80541
178329
68169
2409
30281
6792
10818
111667
56328
101361
44853
14750
173776
126763
162828
184681
197017
84085
193976
92705
149983
125526
168826
76685
150019
132297
57888
16015
57643
145964
96263
106474
40278
180216
93466
26252
54143
61158
80166
160489
193529
57101
125871
19902
197938
59371
57720
44039
93751
107882
30
117602
135379
130042
65639
181595
155650
64127
191461
138896
12143
7699
43191
180651
96451
113213
180339
22985
146841
184826
139125
107478
100
43660
189781
1694
76197
170825
70867
141984
132762
91250
56835
70448
158428
97717
123169
9660
198364
198524
91987
71981
47973
187038
127051
62953
57275
182460
20415
43095
141286
42164
42292
93125
175276
189732
61330
23354
63351
80092
110842
98676
166580
20130
21581
173397
10857
38242
141186
81971
6097
132456
94643
192415
60817
105286
10219
71481
171576
151403
111966
52193
198641
166469
158604
146025
57002
168333
135333
141451
27424
194180
135243
57252
136981
51499
134609
151469
152398
42014
193492
83810
128959
140209
198263
141878
36801
21273
108983
45351
71950
168064
97451
80615
184630
154883
41632
182848
38562
74765
21922
99982
87284
193932
74440
39801
186042
18177
190543
28155
67356
51233
46140
87200
90222
37010
18874
70288
185174
179408
14044
122313
197535
179796
107263
48924
176100
71022
145360
16755
144000
189497
60001
107688
51246
108663
95033
72730
198333
159579
26452
72423
83495
159395
189466
42509
138866
57930
157142
187685
81528
116337
150437
149423
73315
192111
147379
109758
177348
103368
30306
111239
123161
197024
123078
82848
170058
187524
44389
60389
16292
64619
22640
96151
132939
140923
37162
117656
107359
41460
102390
118925
118382
157124
107572
26027
22486
191472
107064
189504
117085
142620
114771
154368
86246
118132
158091
38618
53939
57034
2678
118892
170569
25743
164254
149244
143754
2025
71957
63665
76771
150880
73120
58631
190641
144712
157843
119420
129050
46351
118133
3278
66940
69574
26148
54192
12964
155190
53655
701
62849
130387
131755
155870
74910
182526
67091
8057
183961
87152
122846
74270
68080
88024
43525
151551
137105
179116
122737
188958
61067
111070
155652
27509
197532
95961
120043
26387
48954
151338
97476
196759
63900
58019
95924
92199
78989
135729
178907
34501
90616
164220
196211
17245
30803
49909
197449
31275
59611
65335
115559
195113
170715
2689
90881
20457
49260
124369
88156
167519
174583
178020
138283
181115
194022
120217
5090
160716
134860
180422
38528
112124
178753
125946
23166
186922
67012
183099
124994
93721
37075
156469
162482
166815
75392
3162
195468
168622
136927
108065
8201
94319
185884
112220
44092
191287
141594
173289
186298
150767
191739
144504
94037
112079
130044
119805
136705
181965
77473
128902
160401
156848
110262
57625
150325
183193
52396
166118
167395
42256
152183
91863
19695
114301
15293
21442
196245
25545
194345
159343
17839
56014
14483
64503
19082
102178
120766
45445
85077
135835
48991
52219
65279
68884
115843
757
199671
87957
139265
125581
87243
18043
38791
41262
156074
7790
173573
155159
106452
44326
87097
33133
59490
21553
25895
100693
180094
47292
196498
172548
99203
163021
45077
112081
40133
30650
63140
149555
85664
141541
112172
129866
122529
143520
171446
182911
131595
148746
128145
151171
55442
158558
20020
35598
89743
147880
120572
14768
155844
147151
164218
185052
146831
52359
56802
119623
64193
18413
197126
74626
150425
86951
102723
152466
48976
126529
114309
7117
121765
93761
132669
98510
51541
172145
20783
59323
190444
187278
31955
93234
168181
130985
19088
52165
190187
65286
140935
35403
109429
163051
59835
140730
89926
89916
125649
84025
5997
96550
6609
148343
99507
18455
149595
141165
49684
98260
79865
152764
3098
33024
20667
102721
83678
119825
125232
187058
23853
158387
132562
88430
120844
75799
78043
174512
72880
57465
6342
54134
9094
87085
67995
143675
88624
169090
197221
18496
199333
117255
42265
170198
154171
70555
195871
149920
185025
82195
26821
144862
135656
199289
179438
23636
59951
194189
63877
112816
189820
191408
73534
102799
46613
77623
48039
171113
177968
179448
62644
12121
64277
79660
31018
27621
162278
119219
121536
149802
48292
15172
9170
174726
116137
114955
162629
46088
7957
69598
156371
162464
43592
147787
115915
114596
172125
55362
187111
136583
6055
196023
17247
150185
99883
68009
2824
103966
173085
135921
144884
123376
179674
84375
173505
43460
146538
65256
36230
170497
50666
52026
9721
157259
127275
59502
79110
87259
42087
164326
139094
188458
78004
11119
83637
62244
37951
133444
121951
151019
173325
37719
21854
164973
123671
104635
8498
157753
81542
70247
113870
3171
46121
30193
41348
190500
33872
167277
170848
87750
55517
16624
168141
14930
129951
147975
109421
44719
45765
65122
143941
17675
40065
159244
173655
188284
190019
103821
22054
179133
124648
25265
86933
81658
156503
45672
117262
54855
21390
128320
133166
172374
92427
14680
96700
16023
141814
22892
135307
142868
87780
9877
3024
136678
138261
12911
19270
169419
35332
103911
136170
14424
31870
153720
167433
163925
89781
112654
174861
141842
81111
8804
107795
30633
5527
8234
181826
5635
19966
1338
17128
102139
167780
110340
37060
155037
91136
38227
13510
183607
172116
58452
142686
36165
35982
140401
70834
67427
55363
153549
15000
172280
21707
26615
20284
174563
46034
61201
197010
80240
81088
125263
137041
76065
158914
160435
169361
67685
110541
102910
19877
95311
45133
46267
171668
155884
29731
162439
20484
95869
196640
82712
194085
47073
69631
142360
54066
173785
99701
67018
22387
169986
109597
105972
55420
31062
94621
160804
192311
48516
81115
101914
199632
151562
56775
129821
92443
161116
4722
137742
99183
137947
26923
131958
87423
3134
179922
6341
70910
105977
115998
116090
19982
169189
15092
42277
54464
136791
94754
198664
152729
176532
80247
124754
102936
7240
14274
93956
140328
4209
66124
65406
19223
92941
25668
101641
147548
12053
71671
87012
116477
4405
194484
94640
51623
17840
164929
152559
173039
168273
171612
36626
103138
172849
193474
29844
15951
112516
5324
139965
6326
60065
124196
54704
182415
163678
102500
167775
1967
65133
162824
53666
165134
171673
80908
131331
8515
112823
152168
95624
100465
128098
8925
147579
62182
81836
62303
24516
47737
188563
134087
116201
165588
48600
45101
195751
105849
14095
132058
135920
73126
49235
25572
117672
199620
83203
137545
132874
77537
73498
152320
116426
198551
67445
96278
40116
83799
161150
7851
196878
38530
143936
88241
82266
168579
101460
102552
82028
127647
180880
143739
184442
1771
127272
180491
197925
135800
47743
178557
40157
11604
116665
25149
89837
95283
150565
26426
91478
121402
35384
192289
43880
140499
117688
73774
16115
6937
156800
57946
46224
98596
30247
119777
176935
74043
102941
45082
4835
182319
1480
115187
40975
59382
25532
81198
4982
4852
16436
24178
124320
110766
112833
176414
70121
110686
76369
84282
62392
169045
106201
112996
48314
27974
82037
66709
139993
82055
40525
157173
30596
137641
41702
195397
171269
199243
168034
75152
77243
53556
168480
145967
20310
46210
188447
74150
165936
25399
43744
104725
105557
178539
125752
64698
70942
38662
72737
16551
135181
15902
44319
40549
187725
55223
107302
82991
46598
122275
64550
79605
37106
194725
103660
28933
60287
13588
14521
145134
187653
196720
14666
7054
74267
80569
61297
190601
23423
55341
182030
38346
68600
12082
118089
54916
119263
19174
2864
53609
164819
143047
145922
116259
40636
94347
198845
72476
26842
18917
173556
150076
75332
38494
163784
187356
90780
123340
156860
72869
53557
135325
15581
153287
95265
68763
35112
176777
123229
14056
48158
15878
13381
12679
44151
137086
121616
189243
128461
44084
121308
100329
90483
36081
148638
26107
71471
74681
106583
77970
85273
121521
38573
160460
182044
122078
14291
134475
154899
84794
55953
196411
1249
28353
169535
166069
184106
151640
82202
163946
155965
67632
153773
60909
149570
157346
162098
197088
132692
76718
179500
180220
47880
36105
191447
160076
26673
56233
163962
104714
151069
127347
182923
167071
127269
15890
57754
149351
79123
185048
139511
120257
62480
129671
497
172526
14188
91428
166094
1314
133118
20608
104772
173063
152434
67240
17827
106219
103981
121686
189189
179152
86395
6978
196525
3410
181221
118472
169846
72327
181349
78435
44054
184112
100764
82905
72993
20787
123361
96971
47065
81479
192393
61315
106719
151580
97298
191173
165187
80154
102555
166556
12532
88976
171279
35186
171333
111223
175593
29290
74566
62864
170254
55372
115427
157067
194905
142733
80438
31641
133292
74961
49633
86169
58244
46644
73155
125341
162374
144677
159417
150743
150736
85957
16350
65480
172940
112790
94862
33018
152933
17308
92263
99926
34131
70630
170758
154715
120786
63057
111403
123965
43119
132580
162761
52061
131150
90797
120261
73238
47255
6339
114703
158680
328
155613
92510
115092
40761
63560
187171
12189
34286
159503
140045
37498
145847
188896
158974
195697
187132
188005
27724
99497
125441
109352
119319
134261
142311
170207
26841
159881
36651
103078
87333
37206
107333
119767
197113
146054
100746
39944
147753
72405
17330
87222
162330
79384
130336
93820
145036
173116
189768
27018
158385
121462
94422
133665
175920
35304
158281
188573
179260
131580
74870
80064
100006
110279
86366
43439
31042
93008
22033
52186
199770
159709
75827
156466
29604
106670
11019
131883
51084
131929
8082
49436
159681
53999
16638
194549
55534
96388
63028
142333
95563
34283
140370
76920
69239
75008
190490
143818
123836
10690
57021
157404
69263
45318
50174
171973
9831
148479
101052
174477
133807
95954
20761
166821
181921
137308
165627
158683
188852
138938
145247
185665
177284
29272
34861
198984
106298
165674
111922
30612
73374
118646
52528
159443
87269
122651
100223
26229
49250
14904
44618
153205
143623
114616
138948
114204
102722
155277
132464
69133
50336
63276
38203
176585
22418
38284
8991
137333
99281
107925
106601
35933
50409
95376
48485
78695
72777
204
163034
54469
112314
131642
119791
115473
23011
77803
8268
30991
33517
120101
17113
181037
84651
88944
62415
1932
88197
42716
58546
157332
95006
172086
153432
90843
64634
127680
75910
71588
54231
181714
25577
99299
107636
26595
191122
189644
8069
100401
160217
14368
6391
183443
27602
138747
180230
61209
61309
99448
140012
118649
116955
196076
44194
83540
52441
44818
51429
75097
16802
168397
11215
160686
47512
49252
110370
117920
335
128304
113340
32355
156239
191724
176943
104219
197703
127699
138813
192712
41072
52339
113544
196799
190766
126559
31548
135912
199651
30334
184110
66278
143922
187817
190677
75223
132443
185601
37309
125257
154433
110184
188133
5479
103427
75778
175868
32814
30369
60484
49521
103735
9283
25884
193777
82176
16061
180161
1981
3962
35360
63237
95482
77159
161568
134596
158469
28521
57262
98355
40558
140071
6575
108451
66889
168744
16932
57437
150571
102924
108152
120212
116668
101529
89922
141113
190210
194718
14324
35288
28651
40279
43563
168227
122918
137313
79044
157003
97561
137383
63723
153254
169939
18503
174298
38861
104663
171553
69051
188949
104930
84378
170630
140125
135124
158127
198307
60722
98352
75350
141599
40806
103098
10515
64794
174236
130742
144004
132901
154040
146412
43015
195305
190466
14802
115600
90973
149569
198236
75745
16812
76253
36732
124310
152879
158876
55389
23665
112547
108945
19390
187009
128061
188683
51259
4640
102831
35684
80974
119687
137005
132265
101769
165848
139440
64269
43487
114334
199024
164244
35717
176040
195609
147049
178878
58097
193805
128642
45270
107315
33994
64457
54915
193804
196574
88203
121365
114393
83304
47670
175730
103053
171813
179804
50885
66230
129122
68116
170241
173742
174891
81557
3755
181878
128972
197085
3166
164505
190796
108256
141562
183055
38848
59309
148497
100025
15959
43100
176647
193188
163453
45259
149795
173736
62776
97616
72251
82711
110667
104661
169989
56579
155688
184583
181726
144841
81805
184090
39733
24572
77865
29158
154796
44171
60348
12617
48541
130654
159729
105694
21630
7201
50069
188402
43096
17186
77183
9374
195586
14539
177573
29454
91073
69223
23210
72848
59682
177485
53114
90646
78146
63110
77604
63980
94275
47933
104096
176917
39577
31865
163357
69293
141402
172542
115371
158434
166366
60211
34372
76336
97402
151863
192128
8552
16946
25055
30448
178503
14453
135731
164394
63616
24766
136992
78506
26424
151092
128393
48444
39770
21901
65188
11869
114883
51390
142889
48725
88768
1708
69150
148585
149950
5164
29973
67697
99682
151441
64485
89123
20181
163141
83789
52076
13853
174168
5423
38076
95983
96970
182760
100855
191126
10162
143427
165610
90876
63551
58944
16505
21573
95016
57580
118912
183728
64214
157767
2979
54579
132097
184686
12832
153142
166784
161261
13796
48152
181619
3189
75095
117019
145952
34163
85152
181341
83365
107923
131480
179317
72805
111009
39881
184327
145149
107262
94821
3045
96208
147360
35749
59599
157357
163473
69731
38162
81389
140188
133944
109618
184757
91645
78032
88448
147285
98370
69829
169568
150523
140065
30375
21367
14461
19805
115183
136022
17087
101036
60747
169340
45657
20938
118862
35471
179423
121836
154296
120075
188000
56643
8875
56451
43001
30438
41890
42679
91787
52412
122920
123662
107743
79036
185157
8090
124021
5848
123736
8955
72444
105782
82611
151275
78357
102301
184597
129361
4385
186739
195517
117622
31644
29071
77680
80848
101474
86692
199517
44088
127661
59473
148438
39761
168732
132142
196698
43126
90528
14806
169165
34550
72659
173893
150272
39920
92150
29633
192036
190283
173216
79598
167965
11497
120271
110651
33113
99240
62779
30040
181903
156127
106419
9893
9480
161750
24045
143413
20962
162289
124060
28125
140620
143804
195948
69084
152374
22958
176960
18183
89750
21788
144728
38690
91760
96857
168186
79378
33269
3224
188503
156621
185695
133294
80621
83937
114780
38451
138863
195283
186669
37061
111974
125249
138570
160007
93519
33590
68188
179697
168980
14360
141467
8667
20044
139635
41369
151658
121143
130898
180515
67813
190060
21076
79087
90694
183542
124729
74078
85807
35400
78926
104468
90823
18316
13855
79420
150139
80278
79469
160822
78013
185566
36234
96455
48917
122968
103872
159841
4392
198459
21667
72998
146336
160996
12112
13348
30980
6890
41171
15789
168427
135305
169505
34322
148711
42085
8750
137749
113668
108563
193388
40265
9565
131400
165878
42633
160570
185870
191859
131521
98950
65984
115576
73803
18700
96033
72493
61244
31715
89229
166663
147111
75944
115733
108668
196481
125528
95675
192334
91526
112900
26099
67810
190618
71603
58257
103657
44476
108926
68140
16934
35248
198072
42991
32241
75677
98735
5582
21396
164481
42345
26840
45275
161415
161090
13749
61390
36757
166317
112854
176186
28988
38105
55167
198636
120676
199999
135267
7896
13771
160997
86569
87140
35092
69311
111133
124055
104338
111666
22576
8870
34065
20794
185826
168991
146521
51592
117628
18908
145424
162820
22572
163504
81563
34933
41668
39269
169188
21028
61350
7748
148713
148594
70309
50456
15950
183951
117392
173449
177305
14512
186081
129131
163993
195423
41336
170502
122473
100312
88215
154416
186364
58972
28302
95434
122291
92929
112256
174919
111580
83490
56795
9190
163423
124624
184853
41916
195487
88480
120077
121094
9043
190078
103707
98866
81245
20451
5820
155788
156250
150328
77815
162163
76719
185288
31943
162423
60083
114810
91275
126240
95579
120614
182984
104121
74562
160654
144703
20651
57996
196436
178132
138193
191107
13324
87414
23106
13566
37193
85185
77522
58780
39665
10868
102040
196183
110295
81330
184171
30404
193956
15429
30651
139092
171175
110724
15720
92686
11226
46430
25282
163113
48851
140850
140197
118269
33158
189476
49988
52025
180903
135947
158898
151042
193216
137342
176758
168778
68930
80402
102755
175130
32470
102933
26178
69066
47983
5514
58252
165978
87016
34582
181319
47388
9330
27235
178218
19630
175215
140904
27920
120858
100436
95654
180615
80727
80292
38979
81534
135518
183730
111743
100483
176509
118807
106643
108258
75693
177592
70296
64178
12398
2437
195572
125745
13701
132746
177086
31190
94480
124039
104423
64008
122375
139110
111892
129407
152164
26611
12978
140281
163271
192403
97386
162366
93588
3877
181947
36369
125867
2489
106408
155878
66406
195972
77877
5967
79874
30608
192455
131514
83262
191475
157569
110471
154784
195108
139944
144105
81178
14605
121857
188187
35754
126781
168784
58859
58312
97580
5436
24511
100612
177773
76551
100631
15405
4205
133350
156564
198420
144433
86108
92503
120997
60624
40290
197060
117563
13739
144382
166883
160614
41686
82713
94157
193898
24938
155744
5445
136959
55779
196038
61575
188902
172823
32436
73455
9316
9337
122915
38195
55489
147582
14297
32891
66503
113818
20648
74360
158820
73915
44382
66213
184018
137678
70957
123493
69555
42338
1167
168965
152629
113631
131069
108287
113409
23138
14809
147018
193625
115185
101263
34968
154582
763
188559
103083
9054
193880
198135
31142
88481
40984
187903
18737
185434
80775
105837
26772
44188
172295
62814
16270
158768
23186
167722
162249
71005
24251
63887
42384
19992
118404
80529
127875
169053
118397
146954
20805
56992
101844
199231
112361
180045
60708
70161
120089
11475
22991
38109
61486
139181
71552
100575
181262
144533
176826
87661
145495
181185
120630
160107
193038
73113
36986
152851
172677
124565
17218
29139
155657
29567
182750
46477
51387
6991
165677
62102
48399
49731
160816
103798
59615
78272
51404
196488
941
21182
65079
184167
139955
144622
127645
106875
187439
118654
114643
22607
128521
156445
35251
571
145065
49052
111170
78318
35931
175492
115093
114705
129685
119221
130216
47788
179943
99711
120792
196486
136365
16223
177591
20517
11100
173149
72975
175882
60387
175135
125348
141234
77087
126774
168507
108683
167220
20691
121184
100475
59678
156739
51622
181778
37904
36754
35992
2744
89709
39304
148414
101454
69701
26093
169526
93547
86456
166829
83843
135354
112781
46572
106094
60431
99629
26985
41675
14773
22686
80581
5736
75271
27262
66594
149522
8045
190225
25083
44276
48458
53704
119100
52551
178701
155499
114639
115037
96362
103970
73209
139213
44307
160721
191030
126005
85416
103102
62406
42835
11964
41414
171801
183363
79548
132095
152208
56761
85700
131239
172601
175168
118370
192047
169295
153826
61197
124391
45888
182089
155173
74834
174596
180451
157396
26802
37139
137784
11518
163009
112233
56419
74071
160548
193604
117750
26657
159576
45153
62620
50740
43901
80803
102842
57991
82634
68658
119252
48330
112132
122564
69510
21324
119488
22151
151003
52494
181317
40732
98636
108910
32031
79617
9461
78047
7987
154719
88074
70986
148563
167394
53279
166515
157343
12993
34382
131711
42874
160894
9638
79500
102932
409
82912
71066
44726
149623
106759
832
144281
102150
86145
167454
6201
116052
99757
66649
38641
151735
91067
182029
96163
106237
9109
18855
173859
12581
187638
98877
159013
18509
15033
129757
128172
39357
28952
51893
84118
74743
167171
66865
157358
52889
135457
110361
172973
115963
67915
110520
146982
25365
103953
72193
116975
167753
146685
113297
181274
154131
79385
116763
97954
68645
99953
173322
80789
146604
30841
73956
190749
15359
120091
51053
150234
1046
148085
30100
51682
34331
153749
52426
35680
37757
92818
93616
81574
56013
25552
3870
68304
83654
59569
119223
195327
139705
187379
31830
191931
136400
55590
121639
101949
109496
181661
32615
102354
92533
104029
164927
183871
180780
164307
74031
178337
89887
114519
184590
98921
113351
23497
92759
51317
160725
175823
52367
60675
39482
146346
190636
153090
84660
142682
139319
46743
45440
114582
67800
34632
86964
25571
52762
93577
132296
6962
25942
190905
186437
52623
82880
113613
199679
159030
4974
24352
53090
74871
111260
163577
83919
16327
139201
73279
39559
62715
122127
43358
87765
7927
69161
145972
42395
135498
192443
145560
49757
67271
147835
102605
106664
49867
191467
165945
193102
95415
20331
155626
95900
62694
146049
2009
5745
75584
184532
85860
53480
145170
13502
132204
10092
189038
108994
175976
22041
41042
134566
67508
149203
134278
169610
58937
136421
75749
35083
138425
53122
49402
187682
57037
138156
182942
52473
134303
93337
3890
52034
33301
180440
70535
136213
78451
160355
15032
8934
96000
50469
165253
100955
121670
138077
35423
129497
93407
118130
44494
71173
131623
84553
141378
2514
181534
148668
55691
176983
132136
7204
154676
167434
79250
145095
163902
95393
2736
173682
19600
54869
40990
155555
135799
8485
187
32340
86887
2419
21169
35938
193155
111189
162175
64902
188523
170313
43206
9606
2417
138467
112159
175700
79391
11733
11595
191101
141199
196576
12231
149639
196745
111858
13466
116034
136867
46675
136023
169497
120583
30093
150462
96345
195477
118189
24915
68572
186180
150528
198158
100149
22957
44580
20572
86516
125801
132800
171778
44852
2402
80202
110139
14897
176382
193242
31248
164943
90368
120694
113586
191878
19208
126809
71179
56102
151694
110740
94936
89152
116452
56968
122033
194122
133846
118855
20849
35242
199998
29799
88459
95570
22972
184006
181771
146423
53887
19704
36824
1725
192274
26036
124409
40878
143263
160617
125892
22328
101202
43583
8452
90976
139823
69107
59349
138610
62474
99191
3874
391
14287
186891
137028
112731
196630
110284
16219
128764
86171
190085
196440
34665
16562
37458
85391
83308
23523
68789
135184
11027
118731
41059
56837
106582
93580
71130
39766
56415
163614
85012
28244
97922
187101
144548
152999
97365
144306
6971
104337
24827
139129
111161
34194
106546
68419
80375
184895
13150
169223
194536
38344
20885
176463
138369
138547
120531
138876
87580
63168
162807
161066
46840
24107
166855
83390
21441
119164
43334
171509
150062
142322
170629
18242
151715
101703
68498
155766
89091
140789
108282
140609
72759
118358
185221
95419
91955
146105
109867
4366
131379
105571
42834
199894
36634
37492
199605
73929
192859
162618
69128
98715
84565
2892
123062
110528
178459
154548
3923
118265
199937
132454
99572
178093
100468
98667
15200
88483
113025
170061
79537
170438
180316
21509
79769
80714
126220
190926
63502
175009
15112
164185
4773
15308
61962
2017
195603
20486
89960
181695
29922
95958
122942
86118
194877
105002
79178
2241
53779
156576
176521
125761
156634
182194
63953
116392
158470
41524
199361
42056
173632
30846
5639
87911
152389
160481
141712
196743
98623
146901
163791
69387
62643
55443
99804
172259
60397
162556
73519
5597
85481
193566
22584
128599
57675
184330
123801
42067
117276
69876
129277
10997
135384
156115
32650
39286
134446
143371
43474
71741
19120
122280
12613
73316
62156
86198
191627
23123
159361
138088
134045
60190
100994
21769
145395
149924
54103
143657
137327
16897
29727
102244
124452
129595
150706
187813
9677
118997
178393
61507
111094
14479
129748
84893
86187
174859
101418
50145
23197
137371
27061
110521
158806
88171
86709
63960
67495
18942
170017
35659
168306
48647
36901
116456
16104
47705
26407
198194
151196
56317
134524
12201
149221
171204
122009
81431
198656
91099
74897
33997
35580
48652
92128
87852
28395
184739
70807
117532
16467
36555
3243
189407
191005
29768
121936
77041
26866
128151
1336
136393
93621
114248
170108
111820
171362
146491
44097
65846
111462
160207
119656
58750
101116
113204
102190
123347
138836
179196
69662
182901
181761
142327
38503
124042
122773
107331
114363
134078
12982
56721
196768
198258
191205
152281
10898
166106
178398
186554
145938
62138
68039
127577
37357
72258
60277
29924
74521
199467
174909
29000
31033
126222
46126
146810
109842
73553
84525
176707
198729
66786
8884
113147
170508
104034
21046
24883
21256
47678
88998
194722
189752
118339
144932
139363
184799
192314
117982
101617
194979
123002
40899
67740
196280
179885
24529
141220
58675
51501
89842
114905
95281
153518
133840
62421
79514
149876
170901
127735
41314
93736
22086
89133
24772
46401
181741
165690
84193
112629
17257
161836
6843
197523
116440
13733
42001
98551
100795
111352
56638
197867
7413
120493
35467
78574
106676
107510
46636
101515
110386
180282
113720
9524
175601
74953
54922
112045
20553
40420
43093
157208
36509
27746
71312
28703
56940
54402
55926
45114
164285
87950
191327
167011
68893
80164
173545
74973
47387
146134
177898
94452
73576
156754
14972
13949
52916
180940
86473
10869
78589
90000
98127
160814
193183
130869
164737
141095
199624
128349
194288
123238
154009
12777
172832
12586
123375
49619
49558
51814
181895
168220
72177
46081
87060
85365
153399
75764
187206
23324
14617
162390
107526
170741
197882
48967
96109
188621
17464
153038
125429
13549
28964
93458
84373
33300
83432
18570
118662
28458
129130
125476
85566
192846
107897
4536
97284
28058
21906
74607
157453
32022
38702
174251
83491
38515
69821
171531
148659
14595
169313
29172
109648
141068
19024
35954
111512
102640
122794
155904
32142
122896
62140
33240
68317
128527
66457
8282
148055
69475
170535
120059
110321
88361
157555
129781
46254
22568
41798
152022
17637
46428
173699
66287
169221
196
52668
87410
125071
39850
93653
63378
33551
14498
66852
104465
193120
179868
41075
18980
170861
72010
853
83519
30889
89766
14318
43147
146584
85000
194992
107347
6119
169522
39440
8883
151128
52804
6040
186886
115147
100928
157561
38526
21946
182899
108456
88173
146434
20630
78541
163028
197334
59997
2082
43890
168540
160439
19058
151264
102473
103709
19553
25550
141528
135657
108096
197044
70573
90470
178566
92251
120625
102584
74643
42734
20767
176416
95163
8375
150220
68070
149599
169714
139105
27283
156649
65260
94382
140790
32893
162159
152697
44856
119975
21184
54702
191965
18331
195119
26766
187717
119218
190871
10566
70565
124950
20060
159294
124421
34710
13179
20375
78652
80922
101427
140853
130642
119408
117789
93698
108217
90930
142266
80343
120822
120866
56953
184383
146027
182060
857
118927
89248
58817
93909
188002
51782
48217
17738
76840
33487
182702
27313
97511
94500
159973
187612
111648
183016
148971
172207
43337
126967
168672
138086
94430
162592
69897
90644
130691
189095
115663
126878
34370
194701
5396
60667
106193
112047
158930
66656
143501
88689
83571
149803
38803
190805
135734
106797
44558
106276
149194
8464
101958
77936
32788
23471
185710
141620
153603
175491
88986
163777
154278
120799
37663
47194
199567
196767
195858
28394
11789
84191
157933
176859
197275
193386
86664
173546
56120
176577
95742
18529
196171
90044
187196
170725
118328
178891
3102
23257
48517
100030
91140
184814
96884
30056
175400
163836
187744
144124
122443
38501
190157
59242
104157
103994
60072
177636
121484
70268
129025
72807
197739
27730
26654
189802
48323
147420
187380
186219
52581
148105
179615
96992
172796
22488
60071
164390
59374
135794
167888
104380
71372
11001
187367
54065
48755
123806
98463
5374
31701
40303
80661
121270
195000
98535
173135
151276
131839
103164
180713
160269
168276
11714
46842
128790
77360
33717
65034
194960
145221
137323
144630
52427
110807
198170
3069
36846
165456
98465
45232
148915
137368
128585
104405
52504
62717
139250
73773
83301
138357
160077
84178
36758
10242
105052
82935
52024
138521
113223
43367
63214
185083
59071
2557
139851
40734
74285
177679
119918
136131
111919
23776
168615
38704
135614
194815
28975
155220
181358
68231
82890
141087
32771
100133
104558
155245
13483
94768
95827
80637
146274
35458
95204
148047
193712
42068
82761
60894
155415
62188
64158
177407
3415
152422
62656
51652
5123
191035
10056
66511
167322
11856
146451
131215
141455
88204
42963
38480
112740
169555
115003
93690
134810
46013
121552
187920
5695
43927
138687
47240
130723
148359
184610
185334
140422
53119
81628
129097
23564
175847
78576
9251
19604
83974
133580
10531
151903
70237
23701
112848
160573
54907
149350
176700
41240
110656
126833
101812
59439
66464
112063
152360
184280
69734
32214
120511
110223
81395
112754
181674
43193
167916
45474
172834
156298
69615
52689
150894
133723
87180
42801
105066
3279
11581
155206
171660
103881
111368
147714
78683
23040
98443
63131
169051
82238
124422
50769
95029
129976
62851
185949
86497
88730
121755
86510
72332
153803
18937
142644
87613
54300
134388
182893
156288
48195
153112
74309
12916
90287
131513
106629
66542
146942
78304
114212
148765
61873
19517
42375
47347
83149
183300
175369
161424
12587
5640
140005
95762
79976
130568
13215
32633
40485
64681
85315
118899
180139
186799
170032
133177
158868
20128
103020
115179
129530
43079
192925
118211
159731
193547
181298
137870
120167
26155
139971
185584
23964
9298
6195
111844
175224
126217
133953
53886
64825
24289
21085
178621
108437
142285
5203
62547
140523
82537
54106
54812
166004
100699
161100
189068
136115
190717
170816
127232
56303
95766
10629
79861
163437
91776
184565
105307
89096
86203
188407
167966
21054
19795
43998
183255
112893
146995
7772
25774
164537
90007
154827
108489
180312
149637
14516
123056
76782
150833
134922
62069
97800
122696
7303
72681
189103
111797
57450
82958
42879
166083
83653
124232
95837
1250
117257
40362
77267
168113
177164
171859
156359
69189
34104
118277
1160
189395
110442
64687
94722
171192
98812
171528
6061
31364
71761
17696
179249
72503
191651
121625
71356
133614
74050
121322
161598
166945
109773
120409
124084
16112
111150
86854
119147
97076
56938
162571
194121
167632
165918
44935
171372
49948
9472
144854
175792
117795
118772
88747
37002
70650
147098
111593
155227
143009
179723
43104
153153
120914
29776
80109
187295
133309
49386
78557
11282
37468
59446
74684
141353
92524
111052
164443
83447
84393
103959
156198
50279
143896
51490
169955
183074
141795
86660
54584
69879
91071
152237
193317
56443
129242
177365
178785
97916
147071
11243
196192
142773
78099
95021
174161
40163
161922
74390
146549
109251
71993
101299
126179
4480
73874
20234
198615
98447
164426
125422
144894
85647
89499
193211
161854
58412
181170
85819
20101
157406
108905
112555
157911
181725
11429
193577
66352
104483
12795
25153
39142
50339
50784
13694
145312
198742
48646
14549
124953
97653
116703
58590
342
127487
153917
113469
157547
18421
186688
141581
163243
40010
90315
106499
46735
173674
99918
122979
56476
65538
18963
64251
118140
22701
172648
194449
104235
12793
59261
161181
138451
25147
42670
146460
100777
93770
106204
174054
155225
47464
131056
129588
124476
138856
125940
14782
48246
77458
89749
76960
24217
78164
632
124497
128026
4558
65468
171708
144331
2718
30827
97731
54276
138151
136160
1186
51764
162357
123781
79858
173450
17134
61461
148477
184795
144195
100449
105723
121748
70320
126555
56746
181191
14710
151028
24464
167799
175015
187447
31829
161663
143834
145580
97088
18513
91668
13688
40576
55453
56453
117041
66109
31611
126952
102116
80040
131799
69065
31436
143268
106981
31121
87854
33177
128265
49304
27224
87019
29132
137112
56642
148505
171952
38940
151430
65684
13443
45239
16538
51917
75019
168831
45617
20731
188104
28511
117648
88232
83382
29739
152475
148390
187494
151099
189045
129725
17286
188858
168259
72091
49424
155881
43344
197887
8607
139122
84625
143134
142484
41318
190306
28972
40999
9928
135334
108891
133767
75510
46030
48296
111167
25541
150122
97081
116590
75384
114989
81861
6436
107266
81892
36026
35796
68840
87919
135933
133479
113288
135983
7952
150881
180716
4186
86743
190974
182883
70899
105122
121240
24566
101903
40862
12156
43161
50182
198744
56734
147212
9701
100908
50356
161249
186088
1930
132688
198894
157723
152599
182425
168495
38464
138840
180759
143750
195029
100518
170109
142300
71835
18434
116462
75925
67767
172078
115934
107544
115266
26782
175567
134392
141488
64051
39591
172225
69071
147133
100340
57133
154875
73041
193052
194934
48836
34623
148213
8715
76099
93366
6268
152593
65904
70754
67985
150289
118341
3686
82310
7548
99333
126582
103225
185638
14000
6100
154396
129736
122577
26110
40824
100504
44711
167732
156760
3748
113883
135338
187198
195721
59785
55342
181311
190012
194138
35981
120725
161986
68681
18735
108713
44955
179986
99536
171216
56575
53506
11620
186017
65038
24091
64208
55634
33772
173047
176892
172683
182440
179762
161271
94309
114002
141208
153114
56473
25980
128593
161175
107670
18327
151125
40915
17030
157211
104882
42934
75231
170332
95870
22347
121342
113502
4035
19161
47048
78629
158150
137508
30494
132057
30531
172568
53046
9125
64176
64224
132751
157992
21944
133122
194237
161550
146225
92734
111380
53143
57393
115874
121828
139065
150145
75930
1357
184533
101078
97733
15667
179609
107229
102314
12906
19904
948
180049
57733
13300
11092
33706
128445
183404
75031
62457
179766
198885
88927
104213
50996
160960
39994
48298
115971
95401
128492
177693
111510
25342
124715
191773
4015
123986
45553
46863
54357
72366
139550
142743
82462
159117
84115
126624
111355
147092
97576
152762
107409
19040
13722
82526
3374
89711
195793
118048
45540
88099
197049
31161
99899
155432
34218
61113
175139
188405
78317
194661
166131
156501
71341
55959
135881
180020
64543
176419
199670
34794
165521
172689
162753
126232
143573
85066
11710
129793
128468
196017
177707
174199
94845
22590
57751
71460
185534
190321
75721
2065
50219
156343
5190
125967
45890
47428
32221
151420
69500
88824
151283
71917
156785
48339
93823
133606
34277
117245
197476
130488
99169
197174
178655
126396
106364
33297
127588
26060
157354
388
148113
139533
180803
86107
130018
46123
47971
143016
107792
78334
61455
11031
45565
169949
118583
139178
139638
76001
2342
31714
197767
68024
60366
127143
109398
55742
158721
134630
13442
189114
44666
72981
134544
98311
32545
5110
80387
93363
83479
177550
127120
125171
64549
120289
23171
20238
163505
142924
29443
177341
139963
111916
62856
118323
68302
24010
14061
47685
145021
88800
157910
130486
51827
166449
128315
109891
137014
115651
86506
31601
51103
94631
153867
1550
129211
180048
73047
41472
137946
32687
63370
81598
