98483
91307
84439
49056
13914
146407
182290
158843
154174
38218
61485
9070
9005
191312
72540
117649
37596
86546
129674
109769
114397
34251
135037
37715
8107
155728
22069
1524
46007
92368
125904
9554
6715
29327
9617
142155
140458
147105
133044
102752
112528
120939
105857
146048
23299
198289
188434
91480
29368
12003
94651
176056
24024
144979
174152
10580
5131
19565
43967
101436
196907
196571
52536
186674
129217
133830
78908
27307
48105
109695
97837
194137
163682
144906
88091
168919
137570
134184
168498
160248
189134
13265
73780
197995
80732
165706
82240
165636
132221
12534
67268
120090
194648
16857
18933
131191
40746
101916
27707
13328
36360
155248
120912
103939
57674
2838
170587
150008
148848
31962
23143
154165
61924
181954
146277
162460
141637
6808
92849
70505
34854
117339
28729
24884
169009
98180
166417
172724
187184
191403
32219
125447
8168
32783
121953
121468
62352
96169
199458
119148
4111
189122
6075
155519
187245
125170
86755
7571
187568
15144
48430
158213
61721
38020
185864
1171
113886
112988
132617
159656
6580
97828
149765
21038
42409
65449
129395
109310
68924
179119
94240
80274
153056
105662
179819
142209
74853
83469
106841
174958
185547
198137
190842
53575
169381
13043
16267
4070
163096
26596
16986
61855
109848
161029
174721
120210
114018
104084
145377
7000
130694
149434
25138
8613
38891
190247
154226
101414
55785
73214
151950
45836
31816
53464
73590
124879
143316
86302
22068
75536
75075
131951
62262
55973
160499
124054
159052
14903
98055
191093
76887
150395
112666
157735
164996
157533
162382
91422
90015
184335
84065
12452
87997
21479
22787
183797
179750
30358
29033
12422
154957
131727
191891
173628
183768
87218
82885
104324
138920
7510
99003
177539
37694
166890
39075
103238
172920
81756
101043
104144
177612
128844
24846
93563
106154
182091
119860
66123
149053
169395
182388
42064
67260
171877
23648
9626
5283
4072
37831
90622
36955
51568
71434
97048
139347
89798
136382
83412
199472
16923
141203
121183
179975
81012
152453
151343
166332
109872
123112
67765
89618
160338
130673
178750
139045
51731
189918
180398
178281
65330
93298
38329
78842
146984
191165
65784
163486
184333
37072
62176
108167
37918
173863
6387
172803
43041
43908
194768
70258
84665
436
195931
33416
189158
81015
122976
169415
128821
15776
10445
134004
126716
176882
6970
174025
189453
182887
186808
70189
161197
142600
42872
164404
184580
41095
70869
170860
36751
97053
47653
194377
65159
127485
178412
91770
139138
8592
129257
50164
141047
73265
132198
66808
83265
85056
86326
114762
32653
76015
1824
67231
46980
199454
158081
18523
110723
47510
80234
138117
30275
2346
195148
50082
185203
171190
189901
140367
143881
178191
18354
45608
96735
27368
74358
73935
137425
158377
80338
188202
55556
22036
33040
4675
53277
128171
39372
22677
24848
145293
83433
5743
83601
75941
58028
143854
119678
148997
171841
168851
50301
48239
10400
33248
110515
111855
19437
150543
110602
106337
143633
137925
66762
12276
165220
43421
189889
24591
64426
151615
64805
1471
25870
74178
45725
93847
29751
175225
5822
47362
162891
8666
54077
45073
106480
44448
15398
172867
71908
124670
97609
97331
53636
98349
91402
19431
132466
94481
117840
196861
169465
182214
97364
40729
5117
195812
112276
94541
138841
153424
14104
96838
70020
181625
177005
143710
81533
51708
69241
8622
63864
139217
113900
41983
124288
155993
142339
184626
162132
40122
134258
124646
5093
89403
8292
132555
87526
28906
84262
77202
12450
68037
33112
99862
130117
139858
19514
145968
179989
181301
75852
187423
4113
36668
123351
70831
70890
186992
122140
172149
88704
102738
126840
88054
143074
166360
196109
193193
22240
73599
93347
146863
44565
79230
29262
190687
124858
165743
108162
112452
136786
196800
94917
176388
65934
67275
184332
77999
91028
4358
99816
141536
48388
175302
140530
97261
175735
41442
55280
32934
26348
99392
138184
24750
26350
46870
20032
2727
127203
74830
58764
133367
159411
83320
163996
65721
190995
182694
168457
170141
178183
29050
17686
3518
55281
164292
194103
94314
49480
149193
139569
167851
95335
167480
115954
128951
78492
25335
118167
53867
140057
195036
61707
46086
109365
71272
188897
129291
1348
22024
191112
87154
164895
86135
12056
134226
11858
162246
9729
33863
194946
34229
115487
135741
4738
104771
5097
114679
14219
125046
197166
112957
106340
20286
69338
191760
147830
199739
188392
113342
95453
23068
63559
42862
61875
6896
194582
114043
106905
31401
134936
65370
5240
73355
63427
188049
48664
170121
16747
56011
76266
142361
132485
21847
112141
169453
118607
20212
60304
154153
155734
130223
91753
182360
8945
146913
29321
179129
17949
140585
3230
54039
18211
10090
58099
167841
56070
13587
23230
108184
90010
181101
103724
39722
165395
91951
197722
182975
168609
100820
194766
134026
108259
40661
78700
21016
21792
88861
167138
15393
18516
71265
71539
46353
190741
41614
159625
109396
142967
64400
11599
153040
182038
117289
35615
166261
54014
5561
185918
375
122649
54149
134915
37880
77818
50743
65781
27428
183654
199782
188204
161223
151652
15588
151641
56647
18967
76926
104650
46056
124298
35683
28144
119999
155359
69168
2966
122135
38014
156316
95585
142720
158526
41708
109390
89417
194762
41457
118134
111418
7098
144994
107186
69056
136392
169816
166844
8386
16786
47451
47101
17075
113644
27989
8510
116114
76510
17428
199452
31793
174218
91733
122852
39038
55815
12346
13997
15387
188096
139233
145925
69633
97205
22377
192074
30027
59459
100438
28270
30805
181750
96794
50489
63634
118318
32756
13011
89212
131343
193580
83774
42305
47860
69974
68180
54388
74162
24339
81153
6307
106108
86188
50460
62867
149380
103537
66388
18405
77654
134262
170834
61366
86962
179528
199785
157461
39426
167734
101398
122769
26319
113425
2817
155154
127464
61948
2481
183909
106323
165297
17232
199046
84024
162472
22720
18185
122409
81037
169251
145782
69902
166569
54973
9115
76976
77997
119595
75567
160420
111216
8926
27571
184843
109006
132478
141903
71014
83560
131625
198600
4803
51840
10155
76314
184054
28513
100923
137069
114546
24820
82529
77327
170371
167338
149164
134480
104415
32849
103314
40258
31811
32552
132080
138796
84233
164437
186172
39184
66190
177686
70272
70778
156896
36725
154114
142141
196735
78051
66299
156435
130938
171753
57829
114170
68859
24604
30938
15416
35650
77597
77095
11810
48872
35547
131445
95102
23821
144079
81929
30039
6036
189460
133384
112359
149319
91259
58931
119387
35276
196345
59486
9591
173656
93697
75105
96246
89073
32649
112624
95011
104342
27862
171371
93185
175434
75290
19804
46103
140924
178896
52226
171057
50937
28776
154556
91152
945
166325
176545
144351
92627
34635
153458
4398
140563
95310
171785
20412
46984
30447
74459
128562
147722
147785
35654
25551
675
31478
177417
111705
29684
97858
134777
164126
123651
18639
119425
175940
173214
196271
125665
132783
83213
99249
70354
135320
162808
24403
26813
9343
23874
147377
153059
117104
62512
177411
184279
3017
95535
51152
160196
148465
113008
156450
198927
149548
89555
84981
124064
2858
156783
10332
136918
132427
131076
147870
108699
96195
114399
190288
16610
40890
23612
54948
127510
146706
53377
4624
58674
49270
116839
82300
189784
45486
117022
161362
61040
10526
12232
85726
61049
156657
162036
113950
178527
52033
160247
17415
177670
134354
79119
127974
83836
58928
180752
93398
35876
101782
112719
180648
23004
127863
29468
146243
19121
91790
188556
189669
160061
191958
108730
168628
73052
51071
84830
13093
13754
134277
78501
87051
116261
191272
130347
193263
25894
53243
133729
127007
157829
152938
32483
110155
114565
132102
111532
32727
106608
189592
36181
6286
64090
114015
155549
37152
24420
84042
27427
132307
72451
43733
31728
171296
9326
50759
19840
58258
198525
28265
27492
142919
161910
69952
94356
36542
89279
78458
50679
23980
99613
93162
44346
70082
80435
149385
50907
16156
177876
107225
12561
122771
159212
190937
103956
112203
3058
199941
82593
187552
55373
355
133987
99933
123503
150168
170971
74237
132655
166607
139894
57910
187218
139074
134685
42479
102257
8314
132737
164171
163032
82316
182823
72278
60364
6589
116984
113604
182017
168859
121073
180511
176735
127396
20524
57316
136935
27127
74160
20573
124251
79545
172358
103727
45055
70489
176173
28548
164665
189421
9032
67479
174447
81817
117302
77976
63495
81827
122740
121195
56379
117186
58218
55224
40886
17341
98818
4969
163938
17672
19196
81107
71076
48338
123747
115114
136366
67398
132045
115866
190596
44659
151634
193578
164699
48386
6748
182933
99288
136028
105416
3490
176105
192693
102369
162748
61039
73337
98020
147647
180207
25418
154983
123162
43081
103397
41012
178548
117002
7576
165162
178560
108201
184553
127460
30857
80485
173764
104786
171045
94802
155504
131469
98651
133428
50606
150085
78480
191335
78296
178411
94163
120969
159206
129483
123717
36933
52307
124945
161621
196455
66234
115765
162865
29284
173480
5008
81057
176446
105233
187828
63865
120349
159792
84220
192002
100281
28778
103921
44074
184519
142033
179759
96529
28490
126278
101807
144471
149103
100090
195094
147759
139457
42306
97009
93750
5366
165691
135502
147598
196287
115987
61850
44803
196409
165815
68207
40778
179594
69289
102954
21829
184136
130552
58222
74697
194099
67763
41921
134378
197373
154871
20734
168349
55418
156051
38147
95849
117791
179169
15123
54204
64798
17250
7816
149849
144450
138552
36523
116710
68172
81048
80901
132285
12454
100890
114774
182944
154817
146684
60797
150993
157668
59949
101993
4634
56238
189
69308
113017
187416
162209
191626
46392
98716
176393
199559
22771
29461
185512
61960
35469
55935
15692
134723
166582
115107
5187
25652
124272
108330
177244
130954
57451
124063
954
166750
163397
56155
109671
70554
52872
101589
163173
180455
105447
15994
127441
185187
187003
33004
15482
88291
148627
93716
160421
10267
16337
111514
47463
51849
137265
145139
91873
3512
34438
17573
48529
95266
147849
183532
112281
166354
114598
25390
113267
124117
38871
120955
10450
184584
121315
107844
43027
83628
65551
109813
133047
79162
53973
103386
68845
109420
98182
111471
152688
93184
18863
108209
174484
59551
48203
53801
42062
170705
131061
56899
42197
62836
16929
4705
177146
149409
134047
107215
153103
82695
9486
131691
150730
52765
6811
60280
197285
122323
77760
16516
149191
178082
109838
176609
134487
118908
1212
30235
50023
9146
103680
70120
185928
79191
50697
195543
87576
178012
124924
195240
7574
101558
157915
183179
122753
6218
23306
118938
175343
139031
46132
10477
153544
50169
19765
172325
96916
187444
25421
81400
87847
166104
113002
15940
135102
79947
162639
17673
153177
34354
8755
91811
183355
42185
18195
83157
113728
48956
46966
187545
9098
22218
149403
190891
144354
21644
67817
10263
103552
142113
177283
42070
38412
8908
74965
183526
109625
95352
165414
168157
172414
143433
56228
173387
155257
139839
131673
63383
77024
87639
96977
35339
145943
52777
35944
2225
72453
115478
102288
20596
25395
158939
42992
155347
104591
187314
155378
199755
21923
2358
100066
42249
92806
91546
23115
171438
166734
195092
71816
93
94736
35792
38268
74075
119049
123032
104604
15317
74893
129095
112638
23055
5605
171282
12119
59726
149204
18288
183839
65262
159017
175741
169277
146200
57361
158862
147477
159571
192656
192124
21111
176406
136755
9093
51874
25297
187217
116829
149902
181212
140059
90918
79751
136320
34857
135417
50980
139432
164683
87753
3697
147113
89732
30406
190071
33080
62276
49095
175751
48571
176383
147011
80635
92596
180222
140330
14416
81448
197994
86751
196628
146748
184930
71982
109751
11732
152436
126248
27814
139743
76790
42783
820
174633
161505
25613
120303
8401
68274
193724
183196
55197
134194
9136
62035
156527
98546
129238
60613
182301
11563
5116
82158
160740
33915
36727
36430
17657
119577
173975
85264
4431
55613
20964
82736
134955
2896
142477
120514
150982
174013
18604
130671
172123
87497
167822
97122
167973
70720
94345
4394
36302
43943
1473
52510
43735
73390
20138
14679
77155
52484
15030
154979
89614
191540
177302
40618
27765
155456
34819
43600
137726
40007
179583
43997
61877
35926
61667
161137
133811
25786
11179
163126
142203
40660
124230
66893
176233
155592
14762
111093
164761
63311
189634
70275
39477
140055
182283
89168
293
66225
140645
57766
152818
62007
187911
39392
57211
18495
3036
187649
24886
1140
54380
150109
165658
125769
103762
87636
101464
134692
38627
5702
197598
131392
113622
109965
167267
106358
14066
125869
56762
139670
11480
94764
161636
102201
54222
167019
115488
96403
107435
44807
171337
133383
49092
122828
103543
67642
89523
196649
181485
109366
112607
82735
47879
132312
135865
130947
87873
186804
186326
19140
67858
193633
38317
21864
15344
125877
157605
97790
185059
109612
120638
168761
126041
22504
32203
59609
174188
178485
154400
40776
11333
153121
161580
110268
59114
122226
45392
137335
168915
114608
74288
62239
426
54163
165550
71420
106764
57392
63129
23514
110423
104733
199210
196964
12284
25078
8011
184419
146408
26718
116480
19550
27672
39268
199820
199520
195342
186700
106258
78814
135588
135066
71538
54214
77931
97161
117902
187806
77968
164725
43539
93789
95113
72237
36938
151746
21090
74877
169091
76560
104329
115370
150644
120252
155288
164118
72257
60972
38613
4318
190946
67596
190390
29819
45530
64145
169370
181570
131680
180636
119170
120672
48973
136031
125716
147773
42500
96239
185843
99085
94503
123326
124964
2229
113048
83353
45676
193444
21559
115786
147794
194243
94720
170957
40153
47529
172029
66163
162735
24941
107842
142105
38002
53407
23849
132232
37261
97826
10449
34364
192563
163194
193811
1965
178885
8453
110481
113769
46899
76954
169411
138543
57670
60470
171085
78918
3192
198630
151840
180867
55711
55636
44718
195718
20746
182118
50316
129659
117962
171832
55204
148259
135962
148038
39430
189506
1896
185772
116903
9307
169927
80893
8710
73398
24467
130366
166745
97110
170889
94854
60194
102588
58260
135362
68733
153673
190896
27415
105197
176470
13225
112437
57945
7908
127622
94140
41558
66768
147692
188067
143206
160560
151435
11614
145214
35836
73953
30337
79616
85131
43026
47213
62414
163287
36602
29535
2332
7985
86206
185735
144288
23027
79187
51985
87506
103833
40186
172438
90556
26337
117826
162025
109525
19867
196984
45317
188676
128110
174764
94806
175935
128564
178666
79810
172365
196412
36020
146854
83086
193801
51396
74261
173410
181237
59679
45171
23685
38624
172473
164442
38859
132928
6653
199328
18351
53882
109193
57770
93790
147214
153347
62185
12956
125095
184087
82879
1414
170294
26939
161021
44703
56358
67420
18853
24025
57986
56147
137500
103796
3837
14059
133387
6842
185992
180575
27296
43110
194499
156713
66085
96586
12408
13309
168062
95699
177372
47316
4063
78094
164191
114031
37605
83248
109054
114827
144651
192634
34866
102820
77869
102507
85914
96665
101212
137142
70859
116365
9742
92620
30986
150129
64830
19457
18733
52292
131586
192121
103501
50779
121811
114491
185915
97750
153119
66039
96619
153328
42795
4275
40288
38508
23359
127448
63185
121705
118587
195495
45998
18234
166837
16767
105412
52117
172551
157496
34830
178684
122587
45652
86848
171387
74510
53820
109400
106589
104721
179622
50682
169510
117681
94581
195533
57413
33728
115947
37979
199771
149996
50048
2069
20332
153752
13397
52067
117295
122886
16681
7241
87893
10607
27601
100039
35077
116167
123600
49570
99328
7638
196010
8120
163461
67197
115137
72241
32110
83306
150977
170399
143284
19230
198179
67017
164748
189205
135644
166613
116598
23102
10957
73644
11994
181294
61750
99031
135140
46011
132348
139929
192452
180570
154427
99537
163549
56587
47702
22366
10112
59335
178190
72198
563
113101
9580
145644
58401
120073
97791
54427
151114
83471
65136
171176
48759
11455
30268
115324
75698
104489
11359
121587
58112
61934
175772
197106
165404
64486
22641
46778
23341
58234
26227
66300
150586
114396
69972
93908
161504
110214
67338
101265
197943
39507
130581
132959
140692
33948
52363
170916
105367
104386
516
129607
31378
38338
56694
187989
89590
36531
46246
178909
149896
182336
56817
151023
89413
7836
145209
194021
105707
179559
95328
188272
2245
22075
11990
50805
55369
73365
113198
196516
171248
147592
71139
198939
79929
25456
166917
195730
141339
95396
153161
9036
40898
195017
87939
104964
68848
153498
62782
131858
58189
159024
55076
27595
37238
112667
124061
13595
145537
158589
74301
110144
85484
14284
168102
7018
78689
31529
173396
115458
133549
148928
8138
15043
59789
111747
33649
192650
112631
154217
84841
50376
186783
102049
151600
167875
106933
47918
6104
151774
67212
50675
46286
59171
136070
25353
121726
60419
132517
102875
178212
177812
136041
19799
161125
21274
58058
122702
69535
76744
45298
144158
152239
190087
6770
188134
121878
54613
26609
198280
156065
154690
39094
54663
116685
96333
136709
168998
188963
30862
148900
186954
95817
164311
79806
161207
183465
127438
32157
100717
47525
38289
162217
164696
93764
57953
6363
13919
142021
78323
6516
67780
32333
135177
77728
180333
74840
71555
104703
169593
140182
84430
113054
94302
105133
119445
142630
29521
13107
181446
108102
177050
39264
140132
22207
45417
181473
98411
168302
179071
190740
8473
21180
193828
69435
52864
10453
132809
154628
193434
154422
59658
190752
53640
111208
130458
196610
114166
34031
154704
196987
195238
44720
71000
105532
79234
199242
59750
30544
58735
28938
172478
91544
134478
169496
86795
70964
189071
40765
197399
179549
5400
191021
90588
178735
156598
193082
36319
58380
104504
193689
3023
92508
10238
23388
47202
50737
54138
121528
146906
172426
2800
60870
160848
97484
87956
64441
11588
179112
65560
178407
192193
61780
177183
40145
195289
30376
65294
148445
127191
2086
135452
33444
169699
26125
10488
33147
199487
35268
111841
97893
95559
153739
130194
95449
94656
18474
51959
153539
25050
111313
151172
143615
110124
38554
166029
134946
168668
176977
54125
96313
87327
165173
12626
144581
128941
65269
140829
50796
24404
11688
12165
87379
103146
112886
106879
64680
24082
37324
108479
104256
13490
181542
145088
99895
199196
25454
194493
19644
91204
172179
148559
55750
170595
22770
92258
145737
51629
146883
99421
141938
15188
14322
182262
81344
82724
28183
167079
99919
28962
77740
53406
92364
72598
98886
112915
20966
154293
191895
140218
108442
175884
40017
93661
89000
102773
115024
75021
35597
4271
178528
142692
168389
15245
4375
127186
109306
98078
26934
1018
102119
98293
80876
119241
95092
48869
115995
185924
35600
54032
169230
112580
75162
121820
32424
47569
74806
32964
8346
97589
88044
7614
96192
169575
30947
89106
26488
161671
40496
25178
55111
123970
66198
86281
62218
59369
173807
197245
104486
69932
176494
40207
129465
93695
184800
73859
44713
139354
36479
72952
133249
116596
185172
140366
198460
53593
115649
122821
46122
101200
99940
163780
123414
78420
197975
168327
30853
89332
183289
95912
49045
176847
72850
39894
177345
147917
23286
127994
28968
115059
4750
58447
13420
10020
160672
95868
108469
195643
13474
158149
185815
192284
145348
166289
173700
34316
65580
55588
27718
59091
64982
16859
114525
27704
147497
151529
154259
25700
127008
29658
99436
71780
113783
124269
109172
156545
192469
35917
123687
183660
178111
133235
49452
41709
101225
63098
47139
104348
144589
127362
89027
38621
154245
67139
78505
41265
2657
185796
117195
118815
51044
59237
72213
23789
121733
69225
173724
194196
92817
19459
197585
49073
85254
32330
162166
97342
13026
28862
144057
92391
115709
99190
183379
40562
37873
152626
11930
158518
53467
181909
33268
110283
3441
134733
95587
25160
31653
175588
36015
15257
58219
61146
81201
199974
127297
59224
179640
156804
37229
41918
100233
11017
140250
95969
25356
120663
4135
68823
28619
57353
84036
71413
199450
101331
41828
76982
145337
120453
113515
108245
13517
150693
27657
147555
81739
15252
54549
13779
175353
47478
84668
132606
154230
130735
8006
103145
171622
56125
152788
192212
50426
134507
69149
172471
88005
114150
85368
187777
68272
187192
124053
64206
119552
65632
114812
144006
39389
40753
15202
188932
15363
98230
99683
170021
128311
115236
178160
97770
181009
28152
163968
3389
92539
170320
3618
37422
58783
140157
72939
58075
88561
171870
129934
74379
157186
23765
31862
17888
26013
90539
27854
27406
30480
24769
97827
146713
64701
72247
122198
70614
173740
133135
65741
65218
170773
35881
139086
141363
121608
66693
2536
67056
92529
126785
188769
81803
138353
172002
59401
166061
14148
65613
158106
15106
120941
172499
19197
25388
197589
164986
25428
104295
59647
11044
32254
3978
193574
83894
90450
145391
80242
54677
79374
10022
91704
171904
183204
115696
90994
170081
46882
53425
142517
48918
41477
89666
156048
57521
165446
4976
148903
94851
119360
71243
183505
75179
73536
80146
151948
128283
149753
14342
21640
95758
149510
164004
193938
138061
101624
186442
126805
85830
12952
135778
181332
84614
38846
38297
69556
71831
79381
844
184301
54527
157906
185390
103107
73189
139434
10959
176014
96981
59227
38368
39957
168905
194131
97931
186751
65734
132647
190300
33265
197738
17670
44449
58868
72000
185809
147918
85286
169553
142544
193231
99498
153348
81067
106614
155070
10464
2636
102546
114752
56348
184108
87318
149592
160047
162882
169176
34298
138520
41148
2564
134502
39376
120487
52007
165538
75904
76107
26353
5641
120794
49815
30239
22777
93775
18828
135536
22866
149303
90818
168692
68678
30495
179192
149721
32568
6185
78368
176810
21928
108304
180279
57917
185702
76083
166666
83108
48701
187816
173005
102522
147325
12343
8928
80925
89390
78005
57238
164713
91750
137186
107701
1956
164995
67447
58727
120412
41421
124867
100858
124559
101235
27604
148548
46560
96191
38110
92332
82809
168225
18787
67467
96218
46909
188235
194309
149629
131322
71421
115328
149989
6741
126510
125399
51522
184306
96393
107124
164907
62609
89575
179700
79121
49838
174245
56459
62105
9320
135265
87335
84295
29491
31371
141028
46715
125913
113153
65514
89487
111384
4461
57932
57659
123283
140698
159383
186168
47228
54359
177189
173739
2269
7157
199501
96638
195061
120773
78516
104632
134619
64049
30396
21469
61255
89722
97068
68819
185379
117872
176035
124205
94830
103720
40022
186012
63233
9329
58606
85489
50910
92350
188250
62880
25809
131912
28227
39293
164708
145006
143048
192852
63076
47442
169145
10171
69894
30789
47786
130408
147921
110051
11926
64940
139601
90029
192578
158781
38472
164595
7007
164703
119260
166700
55573
49566
110943
157
102086
73412
179832
195360
62054
83824
62435
107633
41640
33211
86525
93509
183668
171268
170995
92041
60446
172217
49539
102543
78949
36122
131624
155130
16262
169767
30071
20224
44668
45181
106598
12858
69489
141461
185963
109500
163166
86727
39705
112341
161080
175073
179634
149128
97852
149674
196700
181574
186124
175240
198800
269
35318
48783
58435
196511
164668
31929
60045
51575
98555
15155
162883
101145
146184
99831
151553
3768
31439
56114
175919
85173
179971
90336
141680
13572
182461
15039
182926
175786
189748
153838
67548
110952
21453
185994
195722
141074
148806
43378
40159
142022
163557
67198
137908
34184
31220
113854
2725
99736
15382
73838
55982
29676
73109
20622
78531
85218
98045
107901
111387
37471
158302
14307
149967
31902
79348
159496
78704
37782
14979
102444
54494
192391
17281
154325
25886
86010
154420
154534
161701
166024
7097
135341
24699
80623
49776
44400
86808
29411
141901
58514
164499
57786
97181
121269
896
138528
108414
112422
180347
8047
97433
126551
114961
61504
81900
188993
103863
98302
155558
168413
15896
193924
95785
179858
44868
147940
79921
173521
47476
108301
78642
138761
9753
141537
23203
123225
94549
98051
22883
36781
180367
121273
93833
189747
172075
25606
118779
1016
184051
66726
37786
46958
159094
192075
8846
5960
103571
116530
59115
78227
184246
89688
7102
80729
171301
3157
54660
181529
177452
79445
168912
187835
13704
82691
15456
113224
141869
19123
82395
145443
52059
42266
5506
126378
146583
185589
113714
187764
192414
138281
164833
150430
50872
115302
29748
146656
197169
91850
161684
110398
43587
55085
13832
189474
158189
197447
107503
129697
22481
147974
179840
10858
105228
147642
102114
93726
161542
64451
192915
19057
102560
75755
34964
145016
25898
77536
55301
43877
55976
112501
103581
74
142567
148216
72859
47291
47855
30327
180314
122496
149741
100652
83833
139676
13308
184961
170598
101808
134710
138215
119519
45471
155052
187514
94766
140632
135013
159623
133268
8224
63507
59063
38414
36255
104628
55535
157334
12535
44432
3756
109181
98184
80801
155748
21807
171812
104583
26785
132876
78554
58961
183384
83460
24740
14333
177753
170769
152835
186066
137546
74184
191339
165123
4711
178789
75201
34415
188334
89585
187281
76535
179886
110977
149242
183750
161110
97255
105765
197266
10341
184910
1195
103776
76494
155104
133464
127856
156856
56392
92188
194445
14435
42319
89858
162861
51950
53740
196919
185146
192895
14468
140290
31542
128072
191175
177646
88716
6789
179751
55472
135583
168733
35428
71102
85522
109255
48446
75146
61262
27612
46813
180489
41062
53944
55849
95638
12324
115575
60483
187102
73910
74429
120469
37526
144227
71156
26513
110898
189019
38795
68627
45376
58919
30147
168985
120496
133797
96705
194794
100207
151219
162455
12229
198888
62174
45843
134597
119084
184525
6225
10943
36889
31445
153655
44882
177470
128023
168759
19242
64876
78697
192232
90459
16108
196366
65446
100028
134765
196821
78793
35313
102084
50809
39586
51655
191594
62746
69246
39417
69832
138348
111217
30188
24110
143256
25093
99099
97488
107401
95876
31686
102682
41360
175466
68278
66576
128616
151281
103766
10117
198727
44862
197121
168160
182612
121252
38040
51018
869
139297
194069
33656
47281
4042
54164
179425
33012
37791
108674
48716
48057
155908
104136
17676
134824
39185
62027
106766
65397
55825
49839
37812
67462
110500
191529
33523
130968
89382
98105
32113
134253
53616
151630
111269
39120
157437
96262
25803
55679
22400
66361
146739
151648
30138
12050
45979
114617
152508
66605
187594
3412
10052
44402
196082
48738
22624
189270
53792
155399
2150
3759
195051
161756
88166
104804
12388
72162
152991
14144
61416
168869
51462
42133
1515
84348
81186
515
29722
140660
166290
14295
31647
22432
123630
174485
92754
69741
99077
67169
116709
195659
39364
124979
85246
141359
136789
115554
76874
99090
132678
59738
166485
76490
141825
17266
31000
141957
17504
12039
41378
123617
88727
177658
19819
28242
103014
134796
107296
96886
88148
103116
46802
22832
35592
148370
9900
13125
137020
48737
20739
75200
178247
79370
123367
106556
46052
76272
54055
140106
161553
61382
53597
102290
138890
110582
14224
76817
130241
177145
40934
37668
131158
82018
69031
35203
178800
134815
75440
90101
119681
169728
50052
2627
163238
108927
105202
168137
199039
188507
126887
108975
152624
168796
196018
53032
70571
110568
6983
6353
125241
117798
102349
191935
20364
70226
114371
74052
68376
21518
50032
208
54154
69305
105214
129461
193215
37664
91389
68130
75310
143531
73986
160032
120598
127037
127033
120342
187586
102953
47898
65186
62855
79671
135538
79109
130102
177713
158421
77032
141971
51773
162773
1474
196046
75055
61029
151770
196188
183597
19081
146547
168215
44511
43279
150931
96073
63209
31099
116989
45931
54422
54908
106915
44794
101818
5036
98365
57948
49769
195964
37686
185204
116406
74407
58957
195906
64168
114146
92658
166128
76715
121424
139184
140241
60144
81143
73958
106031
17499
68189
68347
52469
79909
98400
57052
28899
55088
50844
192445
120864
175986
75216
130342
141428
199545
28111
197735
281
25568
91181
194023
126904
43114
151953
45110
1560
189359
22706
64272
16238
134895
153054
23607
15111
14377
89721
127210
30383
195677
141373
193535
5598
53370
30001
45755
61016
50642
98806
110433
30062
57420
161306
74176
189722
5046
191006
114719
20389
175425
22012
92112
83541
110797
66236
42224
95054
62895
25038
107640
99948
57554
109650
89847
34659
28935
4325
188876
169539
34169
125948
182554
6884
70939
86531
49136
134882
8724
149249
33332
70995
94448
34315
29458
170066
9717
99202
69346
118434
80388
48800
159195
76992
146920
98779
156259
22810
177529
190785
138049
88939
184351
88515
62010
177869
179309
103840
11310
76751
146898
58946
83608
20198
167593
139097
172430
68993
157898
172581
7257
178517
184599
165972
150692
151534
154597
107019
58377
31084
117896
17742
111808
11105
108681
70526
36291
97968
120560
112872
52568
72304
54850
11124
145708
35365
14409
147746
88193
189420
73744
112098
309
171615
142754
162936
6068
53286
179938
133119
194986
176721
44071
15090
141508
46245
134248
2422
78994
159430
178755
111890
34460
139280
144608
49675
115019
131943
157509
95691
12814
142975
90247
147061
196723
24320
159433
38973
84484
166846
21945
11658
156523
81151
7734
76387
127985
84558
81122
56534
110589
174118
144647
129470
47355
13614
66119
77474
99621
63863
116872
150449
188448
170981
90801
84590
62049
56508
23827
111805
131323
33930
58375
137494
100263
171171
17737
168454
158793
45954
26559
175411
61576
76260
93939
193926
154896
92476
29301
173359
146045
178814
63761
59907
169784
106775
57672
4288
135633
174752
13705
76240
165672
145037
182816
68106
181023
119121
185297
189517
34806
163688
78016
61341
101139
197749
98383
137165
99544
91029
115082
85927
161466
13145
35217
194940
99702
189329
70182
135038
148636
163310
74553
120998
17417
160238
45835
12529
27787
11808
91555
168368
190150
70783
181173
98799
21503
161299
76812
133558
39859
97168
68476
101193
152463
59339
45084
172444
59605
54865
133243
38015
56001
138524
93578
125798
32011
152095
9213
133750
125759
64990
192444
155522
172156
102259
105127
16528
109511
81930
2511
35587
70624
63893
104689
46951
156223
67999
180263
133058
159238
182245
118561
5553
37081
34470
81730
153373
178374
152044
174119
110492
160335
64879
2876
192244
196591
161336
65666
168821
104902
71577
64487
71870
4128
153369
4285
65242
59088
55196
156917
124097
191209
28264
113113
14978
102951
194009
18459
31527
69348
69395
108350
115243
27937
141785
198204
39840
104639
141449
64355
34506
182556
99585
11600
174263
2787
167261
124332
26408
121239
173327
62615
197806
12504
170894
123578
154269
25453
68773
95091
91643
145649
14008
37018
78176
105351
13555
114581
124549
161145
155384
177207
10484
129609
61938
131708
109580
108932
192383
60398
84682
74905
191903
138069
139546
56281
60074
108038
112927
93013
92048
76844
61559
126947
104296
72072
10963
189872
16183
148174
98148
178357
43475
38361
160169
27790
140445
91552
191759
156720
23414
87621
27700
180934
62937
119862
51174
67659
4415
199190
146113
191481
5517
124325
152861
55820
21266
152122
101747
126627
64997
121753
160664
189350
107031
155551
127478
145309
48732
21618
15444
156770
134953
169281
27339
31066
96511
14394
8108
137009
141269
26428
81644
115925
58691
133239
139531
110133
32640
45488
143504
1687
22619
83547
175654
71650
51908
166391
177570
46767
137732
67107
112449
79010
3382
118559
26030
89572
90782
180137
26847
88073
170909
107201
196106
11086
48311
194462
6885
103580
7064
147322
175447
114483
170878
178147
28671
44320
154031
3305
184629
70264
55762
78682
12237
21730
71569
183242
169984
117935
188174
191982
169457
32505
106289
13543
1770
45427
28248
45031
77809
18019
183025
48824
65672
22593
86371
116217
186854
46301
79057
63418
163934
62107
48147
67105
41213
159141
38424
46746
178244
77152
53904
149841
136897
118494
140212
31510
172987
139970
186468
18081
7443
148411
100459
37793
72461
115476
183500
157737
45887
69658
165240
48905
69835
89197
83311
129106
64978
190271
144217
130535
16997
75620
92330
97316
55663
168041
48008
20547
77495
189563
106591
157886
169862
119507
80198
108255
181933
102089
26948
21295
33009
56668
83514
410
220
110134
157274
185186
58367
153300
22710
1701
80879
114365
131930
16426
169364
186090
178241
173439
144255
197282
137237
155473
13405
11363
193470
79714
127554
80691
151631
1850
96895
125235
35056
113329
63297
5570
59596
106537
76033
60163
171737
94267
195443
34522
107087
12410
80510
6640
92415
41866
43156
122626
7343
138516
18926
88065
81968
26722
128579
112993
64956
161895
39150
148562
184174
179134
109180
35741
189044
82352
185777
144437
145352
12331
98402
126064
160601
55188
166805
97603
162911
25020
186816
145681
90568
139615
111591
133563
150243
174756
81478
140310
130443
129965
187733
193015
191202
171530
9126
88288
27483
27143
135875
89171
143510
121783
182048
61532
182491
89816
47739
172591
157066
124587
94388
85023
189772
36023
60665
134423
105690
27024
48860
158331
117730
175356
49802
67015
133205
63080
37920
95612
57269
196133
170847
112895
74430
13241
30852
165271
140818
55205
180397
52207
24414
114820
194481
166695
115682
147085
121732
123071
148037
163755
104716
71765
77054
126298
164455
57839
46288
183271
183238
128157
182706
90502
145700
198259
86786
91695
42456
108390
79657
127828
77913
38945
105091
46823
42389
56048
93731
79459
137950
183095
167639
85188
71041
191210
90584
101831
59230
120306
59471
11988
97874
170641
167025
135624
153005
81489
185222
138393
102399
42960
188705
42854
45591
60119
67841
12227
22060
42012
81681
150697
17808
83652
187146
159472
74678
111337
165286
88451
171635
159554
98153
85655
63614
35927
14470
179799
170270
169808
97570
104339
179816
143632
159795
88377
61444
143322
154493
156922
86463
167262
85733
92366
96786
39200
131220
145660
86947
86148
114855
69830
167567
173688
20603
185880
102774
81740
102948
66094
174430
142690
132700
127239
62665
127363
56065
106585
89879
40209
16721
119481
95774
176629
3730
68316
72042
64207
12792
87944
115599
39470
116384
1065
4892
154088
19690
68131
99052
106984
125376
58739
101971
171468
107446
7421
31255
146186
11940
186575
135829
29148
61526
147493
91656
175715
12943
127129
188299
143412
123937
65941
136056
107942
37679
52217
191100
199369
18380
157477
153225
85777
13110
58108
178695
159102
144304
195651
99710
130413
134833
105242
10012
66571
101446
191217
60507
41001
107027
126083
94738
174497
57970
126212
17850
68108
123301
122180
167301
36631
134599
64836
101822
148843
198294
127643
126571
54406
191077
149909
144986
157491
180153
196806
80433
36039
43712
51024
100674
693
137564
42157
174453
12846
3233
137900
45718
67322
64325
113814
54446
142515
51552
140258
4263
11897
6301
72197
90436
74265
40574
140861
133504
195067
171237
32959
32014
158193
94927
104592
176307
153485
4540
167901
86151
191799
70175
80373
32487
137836
151589
11848
95744
15164
72519
145157
178120
71797
92628
145235
174230
122582
192637
84608
39390
148491
156971
136279
13159
173199
188698
56187
37414
60505
95605
98488
145128
144865
24053
123672
41731
111176
30340
178320
19064
41415
53848
12673
95460
54722
108445
91866
155337
22540
165283
151167
146104
195705
159122
85650
115164
177815
88879
104533
156669
78657
11726
57007
149055
94712
27723
21971
118836
34269
75669
105644
101984
116695
185625
106165
164302
16598
165514
19016
87260
18124
133766
90996
28138
59495
134799
13617
71601
93217
101497
101386
39669
66305
173184
125320
133691
115811
2667
90154
112605
66404
196294
130856
56185
123241
97517
185354
76069
129565
171356
38360
126940
32199
107037
66686
125367
56582
85606
198132
20729
9263
346
128117
45728
125944
47553
190507
48016
40901
119989
8951
40338
74116
130573
179797
135888
93076
24312
195102
56081
128623
116159
131500
162057
166532
84130
159318
81209
13905
157670
35118
124526
24061
128432
109760
133161
21162
5562
157524
52674
138581
158171
92732
58800
49317
21499
35284
101565
153313
170975
54560
31353
48481
21481
125310
197614
14607
194742
157503
71715
198032
100252
47127
90031
157914
165177
4234
59620
137226
127041
175793
27270
191961
43509
66226
153568
82959
132277
7381
1198
59407
194142
191785
120327
51030
61236
145446
58394
44253
36679
53967
89017
106403
97071
30548
138332
3804
121476
187956
12871
38843
173878
197687
81206
152700
110467
53072
192069
175105
40395
91903
25137
101482
181025
107210
94683
150149
84388
70994
123971
175402
184451
142979
62638
12257
23787
197593
114087
165168
194972
98696
87709
178894
73281
74714
178786
153626
177258
133889
130391
113180
13970
76146
77088
148824
5907
82390
96691
108548
137982
197648
119884
126918
120304
23117
100481
90914
86961
148006
132426
84033
185088
157544
157893
123111
139207
29554
129695
80527
178601
49808
101636
58748
193967
183249
43287
186528
12420
130530
27890
118126
21916
175200
8270
80929
189326
31705
185780
99890
112962
156108
103180
25144
31790
58321
80406
55013
7320
57598
11788
88463
198244
6682
67011
9921
159700
109383
112135
64409
33604
158036
173155
31749
111730
18170
73658
94578
155247
112226
13031
167838
46678
116558
31741
135150
86582
178911
139400
149052
181545
20768
7855
73174
104676
63778
117133
180687
140820
183937
79972
12927
89456
122527
17033
41143
44821
131596
9442
156477
48946
176335
4649
128439
183001
165732
6587
63509
48771
115561
15238
13395
8553
191354
123979
112646
41554
47803
84020
195293
37058
14186
55015
87998
126057
59060
143942
132134
79286
157272
26968
169468
69933
13894
133897
155393
166348
144754
130846
109188
11687
188083
25245
166286
85292
95844
43492
86173
125052
161746
122274
198547
41398
161024
159864
123220
3035
141992
61080
60504
73186
24037
3377
96521
14825
30662
21012
107461
121839
156504
87044
8998
182913
96845
178819
112939
9489
184278
199699
117089
176484
125327
47477
24531
172001
125128
79465
97498
147989
33841
128465
20009
72433
124861
80841
121319
122824
65236
145574
120590
170871
109081
163102
2889
11799
160363
124352
173348
27485
62481
163250
187204
106233
193439
54273
58471
37646
190550
133345
13994
187769
28372
171992
148432
71416
1008
90617
48118
191737
184508
165671
160925
55004
144056
174324
37289
4957
118071
181167
190734
4504
105329
194504
161470
12771
165155
100236
85039
131210
187595
168708
101864
100730
194505
67191
29993
9433
19724
103824
34884
191168
181744
82913
25804
113310
103257
11348
114285
187906
138875
168127
110584
22978
21681
20144
25467
160033
9297
182623
169161
49690
6750
22004
134167
121368
32127
32347
144356
50733
103256
13839
158478
132476
152973
94070
75448
162741
163061
162613
103560
125715
105272
7951
57722
21961
93569
64755
4085
39526
59221
162226
69611
136027
164295
87571
149214
155676
133867
141485
42167
185709
23398
113137
173431
45691
106379
170830
99595
73095
124523
132302
63345
2822
46213
9995
193779
151123
95215
131910
39256
95474
17079
11532
161530
42604
54820
187317
181346
9529
28859
119469
71307
118220
119800
83303
151657
42066
99093
50390
93774
58279
97701
190093
66905
104318
78727
132614
4013
54126
101259
144826
13270
31640
125669
56113
39172
53819
28519
164088
13019
168244
25461
132064
111082
184041
161440
101189
163356
77307
88199
50081
118596
62055
35975
30897
136146
39391
80996
46208
26041
180052
31757
16825
165257
63580
137662
11550
150807
29385
54918
185439
51669
47875
177523
103990
190219
159290
59529
1493
40978
130570
5343
157348
73239
113836
130225
132153
28580
182259
126766
4688
190192
11242
199647
2471
55782
47113
147662
184579
74121
134079
185889
108242
22804
105285
135463
144122
2861
68860
188487
18171
14367
85869
37300
169895
61306
128456
132510
62877
131750
92822
179336
39306
94934
83857
170262
47111
114860
194080
5764
160953
130023
106200
34190
56774
74206
86803
1607
49010
194696
66595
116223
191143
189624
24540
151633
106112
90927
159178
54281
621
40515
139422
59683
110835
93489
142735
29490
167687
170784
78065
100221
177585
45261
151329
136036
4120
19411
141794
21168
32284
190503
39662
7556
28102
96236
89076
37634
98517
109254
26592
5004
122161
131427
134756
105524
141893
18144
44682
111995
108630
90033
104796
144099
57546
22398
6951
152228
66141
195785
79333
159128
73710
107138
55599
193379
147460
111195
65398
125370
97536
6679
177087
155813
10328
195127
135196
104466
157146
150598
12159
121258
38785
191962
140195
170454
140345
90891
130638
49148
80784
105779
767
107281
83895
143672
1525
13320
85988
136781
65503
147615
143630
116422
20841
24546
28462
98648
48056
190560
126455
176145
36566
99383
92641
91432
26116
3737
112057
71436
176418
100656
177719
171500
181206
116501
57597
41382
99449
123510
20669
86227
65848
25903
178335
94494
41018
122873
65890
131777
161189
197406
89001
191489
184
92323
73568
188893
183145
146085
131761
161219
135499
5411
160071
140107
152323
150424
138327
62175
3523
35128
56297
374
30709
65410
183013
30773
94866
179881
15629
6428
183623
63799
169172
25486
8457
42419
22260
15530
18830
7688
97955
39573
155015
122035
97759
47807
154758
132912
80885
86028
168344
41688
51147
114462
56794
39617
68208
181713
2658
6485
47760
99614
116603
42502
127529
36588
185340
98983
178425
57455
96770
144758
175879
78023
100127
184161
99314
95534
162843
191451
120645
114084
46922
143149
134500
14489
135156
171887
154623
32388
86340
149471
65528
39196
12471
30758
107910
125104
116697
148431
57995
171972
152084
93336
29486
143361
91362
144432
18754
9287
91838
129048
48557
83676
40449
70066
139791
198651
132193
120071
37331
52262
109614
19584
187954
34716
18488
142888
10652
98631
98129
98925
174639
81310
144200
164145
184776
60888
46282
62633
12830
153822
151179
22601
196708
108540
1081
141762
19753
116533
13991
159367
195488
160223
62891
17895
178957
26129
57318
154991
117431
80786
121420
14132
165844
16590
46818
147549
184733
137393
149976
112324
129693
4895
64000
76686
8602
34529
131848
37677
178297
86232
112060
248
111572
50895
178810
74688
107269
24962
154206
56620
120599
29049
149450
22725
109124
149875
123898
147587
178354
114138
26966
168885
17945
67246
81965
12935
161802
135828
119968
77181
88778
12902
152815
108376
194710
112241
146572
80681
11364
171582
13729
31564
10344
117142
138141
117912
146922
146245
33817
142354
174432
101525
57191
74005
22110
91381
173918
158682
166579
17479
32484
191113
170853
19182
161903
79594
133034
7531
73891
198183
82190
80979
103592
190732
150431
55555
39641
45949
59909
41320
51986
193143
29208
136812
59343
121349
183045
76549
198025
151076
81264
17921
22089
21732
162651
117240
178860
12198
70076
102361
122499
74464
156996
600
76488
5546
98224
173292
40255
90047
153738
118477
98494
169523
195950
104192
59754
43211
190311
54564
78160
7353
111347
171724
142574
28632
78036
64488
74742
190360
85542
162002
97711
176142
24493
79728
64913
48564
118066
179358
167787
158678
119713
179233
110052
61884
104510
47975
106133
33782
45909
114798
185667
36456
142208
111321
5777
44136
37957
191162
194075
193270
2517
43740
57053
105460
101787
150162
189167
102106
183759
165987
180676
80084
83228
165081
113064
20449
196001
116363
83456
40064
167611
123438
18952
21542
16872
158643
141274
153643
160939
117780
120247
57019
105357
182575
101512
51367
105490
116009
55715
37286
37503
102422
123011
101692
75781
33502
182337
27804
124874
100425
78536
6347
61457
121287
60448
199631
131046
153020
57767
12333
149487
71105
96890
190639
158712
78775
89356
134540
193538
25431
194094
101937
176355
104061
181491
5659
49256
68644
61997
109145
78202
83529
182482
57601
9074
68389
62740
84581
160342
172124
34066
44532
78395
65884
100983
169214
151621
57768
153128
152504
130134
166241
89066
132918
186215
85342
8682
87391
12959
177981
140822
121584
118751
15659
187243
142035
100921
160523
125377
25650
139215
142
126697
17961
173813
37099
154912
61439
50019
95133
19533
139925
74568
176149
177265
119270
186167
83034
151891
108030
76138
16964
160765
126104
190315
10970
23224
114471
95776
112468
7928
90086
63009
38294
32659
183084
196647
164957
13299
53596
89131
108010
116887
142409
66848
190529
129691
158431
149686
15281
48040
48023
155136
127810
188037
76235
141588
169755
169380
30891
107489
140827
21663
133421
91514
60379
191831
95257
158407
131371
59991
172011
110915
163787
16187
28396
153856
97527
177653
158161
123530
94449
129791
37978
180234
47088
78995
10317
172585
98014
161238
137751
73273
113281
44072
188494
33359
60731
142884
156831
134716
72082
76113
163676
151225
72925
149445
101163
179753
86334
168014
26394
123774
51450
102659
166609
27138
32008
189997
81307
106208
143592
70499
84544
62077
63867
43261
196042
104675
181243
74209
29549
29898
3280
34183
76122
17309
114136
142578
81918
3720
134690
187156
46406
3206
185861
61551
192275
149294
140599
51871
62144
130250
60244
181987
146648
109347
150146
124684
192084
169746
81521
106002
189916
84471
173133
160933
157478
148128
104644
19426
23707
157226
1457
125767
102784
42492
148249
166196
148126
90868
157591
57927
20438
89717
161545
80237
56729
154842
164944
43039
8087
149195
135195
47041
111543
27343
76914
36129
66023
46880
191637
70560
145349
135817
142079
140506
21376
96976
82581
107951
122163
135855
55712
77985
170985
155955
51137
116571
131072
79731
153771
3158
170654
37017
156629
115810
84164
185005
155055
159669
68624
123230
75376
11037
161282
146881
172557
163937
19293
170123
44691
30437
121935
27619
12629
29426
59324
177796
38443
132963
158581
51746
5806
97221
140108
24229
178258
76149
175909
132776
10378
141439
28288
172136
19183
97969
54361
46844
22757
45469
58953
185156
47611
134764
84438
90434
38540
191525
22565
124840
158735
62461
188522
99775
167871
127618
167416
85945
60026
9755
24530
156666
193331
188668
178123
16593
73243
198992
39541
156034
192565
51927
156078
69396
161928
131362
64046
131161
111941
199839
93584
198240
12219
147315
61307
25628
129391
106544
190051
154383
28617
99744
95578
103243
153774
153463
101216
103567
105128
185650
180811
57122
74946
99735
90477
39826
179413
21477
194210
188758
175881
50623
72781
44202
111165
59579
191397
98140
24026
86004
75187
76222
87507
127048
48059
61935
99319
126115
15982
142667
92425
44811
195910
131806
15983
186134
52003
147778
79694
168090
38210
148463
81503
167926
150574
188018
121379
134212
49128
50869
159572
62586
12710
194480
184831
82621
47630
190576
173913
132869
109613
67974
80112
88830
166298
168741
129702
65936
26929
165526
147433
96182
116342
140102
25163
146240
41937
145777
158224
178207
182690
5464
21830
14220
71332
189204
140846
87843
122614
33417
5760
80739
197572
146519
31528
184007
101383
86373
58879
149224
116520
171004
34622
14918
80102
46416
188296
38231
92881
128745
197977
53343
41635
81804
139017
118714
13600
161353
190690
72774
119939
190125
35915
121810
195260
46489
79688
165397
52529
45484
74073
108943
65747
180898
152689
151656
59288
114648
85117
193479
122045
152751
151693
151232
104006
104078
72861
112260
29923
39824
68816
69521
94030
176677
189976
27778
134064
128661
129165
135188
169304
60871
4299
27900
133111
186649
169378
77019
23262
36363
179218
69229
194589
193634
140340
134332
152705
125974
57646
155732
168146
39524
65759
52326
99523
5138
183789
144591
45856
97793
87004
186141
57818
71299
30700
183180
29043
67429
49025
81391
30894
180537
82431
151956
72389
131609
27491
52247
142825
66058
44062
73397
122625
67982
32125
173773
191117
179563
140066
193836
104458
179870
54701
193473
107406
106454
12390
5638
65094
349
20793
112442
159866
115935
16182
115440
23181
25755
193941
32898
124295
24216
102080
5102
193787
106170
78363
141565
125557
27412
107884
186849
3910
171788
183107
162650
89613
36688
158791
17509
179033
9571
44981
50289
73739
119300
94003
121125
127074
191688
122946
29699
187500
35936
25171
166992
27001
10989
35980
45016
176122
186308
196055
161480
66957
76290
174466
42667
65086
198317
55139
121674
71467
164861
32658
9498
158335
138880
14395
168729
153106
111393
179907
2862
168776
155292
151410
116676
37708
190851
93684
191948
100300
64533
46820
89993
43234
44759
70119
107275
75657
65219
133578
140471
91859
43691
25384
125446
149914
151838
131709
197661
132621
817
167710
128962
141766
63935
9762
150311
193080
94969
168865
43749
34546
184381
128993
144022
93955
70359
169249
159186
43891
176597
143998
139024
115428
70643
199462
131721
98678
67755
55310
142150
153079
120668
38382
121553
2927
120391
129954
80082
11043
63697
106269
188200
86679
86216
114131
160179
166813
110950
186973
10361
138930
11613
81157
121778
39347
167036
152488
23003
32525
27489
81774
122190
117636
76648
86653
90208
62943
118151
147567
9341
190630
132561
196444
51566
18435
27590
49203
28924
88169
144926
69420
38156
24922
184939
134667
140657
186291
100455
114939
105194
194575
18902
40955
134785
33890
50340
173760
31961
182139
137404
42043
44681
63947
127751
109983
98446
192098
135653
7033
4221
4926
83938
179118
8931
175197
160478
139992
52779
11685
36548
70948
103964
53295
161930
190953
61976
49484
77829
24249
10838
37730
171274
158035
111857
40540
31023
27362
29179
97019
27012
120181
192466
10596
182852
68525
112038
8166
175626
119404
2412
181143
185280
86432
33035
33583
83497
195539
131384
16318
105816
158266
185472
3342
197691
26978
158373
165108
58232
41319
61644
101324
96026
137867
179337
141242
146279
28153
18705
146327
49552
173465
179662
119132
102593
164122
154305
25677
105832
176608
159858
32374
24077
54270
42116
141460
80574
181089
138697
3113
44330
64786
168752
24542
87164
78500
3386
148424
128886
181794
69362
49000
41951
28141
142145
135781
198517
181845
119172
184374
67693
13156
143260
131601
35329
16552
62479
78664
88684
130680
63553
116227
112085
58676
199529
20031
52036
158444
59291
190970
65199
21991
1643
172451
77361
182277
168714
111058
26121
190032
136887
170069
167243
95978
120520
199336
182978
20679
88338
4502
53410
196149
105629
116054
77717
134666
91505
127567
187824
45379
100448
57977
136341
15672
190025
178222
174274
21512
139815
197396
60711
57049
19561
53349
106871
194489
146690
92907
36339
195208
166797
105534
196665
25034
123656
99061
158288
145465
37818
72667
173185
30254
189455
153503
85230
148637
153327
1909
76209
105780
158783
141171
80489
176360
191310
19637
177277
42897
176596
101448
62439
111700
3566
185487
19671
81531
136517
39326
152428
87535
102632
132105
116846
153578
20040
65942
131736
21773
77653
196043
111273
81019
61483
132237
3341
134594
100571
67143
104141
104247
91650
193115
18794
113423
199642
196733
113448
117134
80283
96491
105777
46304
114768
166041
128028
44989
20213
1389
104578
2934
199008
152365
122042
28179
167637
92726
154157
190822
165083
164840
52655
196809
42820
144180
197526
194442
76489
127515
45855
56821
135900
11466
7639
10095
176593
70672
157794
137133
49107
17525
15654
199881
159832
134205
26277
35460
41456
167523
168847
9915
17364
133863
168801
13622
5045
64919
87228
145457
17809
147112
130729
97643
151673
163620
53601
167804
31392
24879
64062
3459
32162
71344
134080
47921
50016
46569
168058
186197
54864
39802
16421
34934
58778
68318
89940
180931
103041
47837
33196
41268
178964
72563
26919
139920
3990
26520
32850
146855
114548
40921
34576
38301
67301
27396
94473
65207
27868
197369
174258
80952
63314
125465
19215
116978
189291
137717
134712
116192
11797
34588
156204
68331
128800
126336
71634
102789
30511
177393
198086
27856
169887
114008
37412
14425
67796
130034
119993
16283
138696
15711
14843
73445
62919
179984
92723
180192
111444
113963
72904
73538
39302
115406
14866
186011
126640
42159
98854
91318
137997
139775
57172
112975
123014
140624
180075
173436
19303
63677
98188
4666
60352
58561
178109
47424
114350
55894
66603
100790
13434
40983
15047
121467
30488
108123
184079
174600
167897
9302
73888
94531
62981
194271
160265
44289
138822
77193
172236
33102
84882
17290
56712
176072
25756
136949
177749
38899
40127
190943
82971
123115
194146
115779
119253
50239
150492
162858
53565
705
86191
168374
114976
125980
8889
97787
52757
150716
15325
156737
161151
71502
147540
164749
130989
64607
193334
139856
187678
78737
74794
94222
11830
38216
81647
39647
103769
108933
170637
3584
11836
99395
164364
43045
21709
184872
37386
176396
195775
129351
120051
157801
95664
185182
86189
190615
19901
23660
187373
136218
114051
116072
8612
165721
15379
193765
56016
92339
25570
80852
73196
8866
142823
143723
82910
126721
73124
102360
129373
89661
15723
198395
8273
115385
34239
58016
134786
2705
67180
98528
147427
107299
124650
41245
28494
138810
46794
104847
31857
95
185303
162627
26003
94362
25408
4377
191726
133565
68218
71246
48286
180372
122494
59634
2385
34214
116490
19905
167104
73490
11918
171096
148326
86554
39328
97234
42830
68321
197845
23866
4484
62996
57132
51391
34626
154363
99233
168048
168543
166645
98186
184645
176208
166604
121103
48932
11908
53935
124447
128863
164506
167351
188377
20174
30257
178844
196504
199910
141587
73902
22280
82302
85536
195877
124736
106156
19341
47423
24016
51287
63554
185767
687
118387
49502
69172
149159
115997
114421
168684
74416
76513
151736
28929
159080
9948
33663
22828
139291
102132
132773
184156
44277
29795
2124
146348
49631
11204
112876
79666
77092
133796
104018
126704
87034
107012
165527
31922
148864
101442
126756
22543
122760
133196
4651
72092
64641
19642
180520
10116
115323
47252
11720
162958
155482
195792
31561
68951
67216
182251
188771
161697
112059
102232
158403
33468
137278
108438
52095
191309
62581
115647
19944
53040
107199
43506
6450
94257
105578
177567
148266
42961
149435
194937
191755
154841
95319
155286
157729
136448
134647
178055
13390
165352
73643
163069
155798
125714
196684
196862
7661
130084
90978
24648
133169
10524
69656
138170
196132
158255
109313
45250
184818
138481
48949
28202
156652
97650
122544
29167
165650
41529
96213
91096
163700
163467
76975
39741
146018
66559
14301
65799
137535
106257
88791
89008
174794
157675
78263
10630
181920
132880
138664
75545
123232
461
156746
100324
9518
160306
153883
35038
133666
152348
76342
126287
13913
120521
90349
85863
37785
120903
188128
34282
170761
41120
100054
43564
184269
78376
174390
22065
39313
191333
31402
141887
144534
91323
71674
29512
64675
138762
169773
173441
105280
143124
138575
12953
11269
6762
106737
29849
136452
70820
84644
149360
197790
144923
75958
160735
8028
186850
127408
150641
174833
97006
80776
20411
41209
123253
81223
133655
43853
72840
190248
22530
107113
52687
122647
18082
11557
28512
43779
143152
177844
161883
12662
138174
144557
93153
82399
31939
36098
20613
197210
72470
64774
188367
53071
36276
29964
23535
163635
46362
113696
78964
81112
37984
186629
97725
169828
92616
104138
138375
87731
75776
32636
14460
148606
198152
72436
146812
100562
17318
92858
98672
175815
21688
137863
24889
85108
28527
14945
164482
80736
44595
160205
95999
144178
197561
61200
54381
180124
55538
73473
98802
18920
3417
174223
179026
183718
10185
80069
29990
80675
13940
107637
60652
146826
197489
24100
199013
82275
130810
99540
4836
38794
193068
44966
52349
96528
172481
88206
183968
85833
183387
113492
58752
114476
78563
36608
134752
3401
47365
165370
127153
59557
127769
110960
110689
51934
191697
95009
16674
87072
157301
24963
11110
155307
83125
83689
55471
105879
68801
183153
165423
35984
146973
119753
95114
49456
171810
30814
95796
29921
112597
180820
94374
160
96766
88748
18458
113166
158514
184078
180573
144418
170104
46856
119598
111982
69187
18107
23085
49534
194691
99939
126998
188163
172778
145654
45918
88238
70996
19328
39939
140131
93247
41425
198389
199385
50211
115674
39883
30715
2988
38193
140486
28771
42760
113708
130154
199598
20398
170572
140363
134111
137890
186175
54662
75680
138976
175171
12071
27925
58484
95833
187862
32736
28733
135853
29935
163713
160803
161912
151654
179680
178961
183967
131916
171967
118419
189656
142605
11516
172569
140695
917
102090
73625
116509
116689
32767
100067
25655
5016
189871
106469
42804
74491
168049
77356
13690
31198
53965
82138
54894
94179
24185
56792
40481
29134
100743
44184
151850
146235
11206
103792
20307
124329
16756
127818
75560
191271
58407
44223
81416
102177
542
63328
26420
98151
76928
121403
39807
152451
21933
135342
13209
93497
193913
154900
94308
164335
57814
168800
195150
17834
147530
4387
50119
169791
124423
134465
40837
118183
23505
173440
101842
119957
45813
69579
126435
4505
11855
124740
177990
87858
67193
186936
191655
53128
145094
190736
112279
152822
113349
66335
109416
180354
50933
81806
193285
54518
79554
54205
141648
163617
169366
103848
128655
2427
52604
122431
38310
26244
103891
47064
110881
90060
140088
83764
140731
111334
55391
133211
110833
199266
76393
120087
70243
61919
49922
87518
41114
73359
1772
20604
99149
8772
50338
175714
110120
161285
98801
118546
28184
160301
178974
132882
99559
100167
164518
52187
41805
68251
2944
50742
164512
141018
143640
90929
6167
26435
164671
34908
159666
62792
167660
150879
160525
143656
59522
104793
161992
78071
92830
58575
8080
48580
170246
19056
181917
103909
173581
56153
198215
61274
42938
31569
11178
176458
64152
54720
61076
164072
91312
167488
30198
81638
173731
18350
171467
62617
183990
90565
196432
34202
96958
17551
175957
29413
45523
45438
43626
106592
176322
113968
124936
158882
65676
70548
84217
149609
137334
42932
151801
44815
173458
95131
144812
111720
196639
34416
142751
95613
139652
17557
189338
2612
29705
75396
181214
179958
101700
154412
58181
57044
51507
53329
29296
136329
165722
28982
86070
139768
47397
119348
10119
95804
193162
11612
99678
52741
49968
142491
11679
82980
86932
145206
172027
147045
120530
94902
1984
66970
141117
37554
79761
71869
84423
191446
57906
182150
76109
188110
7518
49697
92841
24786
37198
11381
133197
140893
108804
59278
7853
91163
120392
33458
186267
177107
123549
118966
129422
42048
9725
180888
145732
59213
16427
36272
159321
107408
4541
143458
109256
137214
8980
109678
8092
68334
187048
16356
13741
1875
150341
52780
176257
195434
44641
176160
54022
127172
110138
150260
56137
4924
177188
142246
57809
174097
152945
2091
179145
95797
119783
173902
180199
166460
170479
171938
133423
170445
39782
159498
126196
5938
132078
142723
124531
119910
17040
179213
142357
136522
47489
27470
177218
90895
184263
32990
45410
83815
57428
35669
51229
72394
48317
144308
185543
28473
174059
15031
75783
49158
80214
57026
24370
138563
183723
181731
111310
169871
161355
199831
18264
49636
104222
109099
182831
56210
120827
136415
193675
178138
59659
71626
96209
192154
181354
135154
162981
65084
164361
881
106046
109952
138204
37299
64443
21820
8217
180680
160302
125958
35991
96508
156156
78466
117597
104132
155839
113918
13892
154306
83197
120750
131949
63600
185200
72178
121438
21353
127021
914
101576
169916
185536
117051
157203
159404
21811
173614
15532
29790
98435
185846
174976
14152
163154
70183
42422
178769
93829
32669
34811
167784
161172
112431
4620
17910
175186
130191
7278
70230
57609
141589
152682
126855
194238
14207
24781
55054
92848
29145
77416
151552
111011
108244
112118
69785
157063
189475
32940
16486
4878
162726
163037
26689
82355
27116
190092
77066
145854
187081
51819
147260
126790
49387
100778
82820
127309
181526
54438
23550
99620
179745
119732
48714
65070
127412
163648
91875
78679
89959
17452
55950
166190
134075
134621
155962
34231
102680
188211
78835
97208
98786
171489
31071
157694
166859
45977
154147
83814
146643
142930
184731
17884
86060
65285
158327
40218
128930
76613
22924
70032
71939
190026
8067
130583
60344
73215
7433
71034
56095
44093
93922
65071
131221
144669
111222
27006
159624
80535
40950
163024
169743
54739
122952
152510
117610
19573
104325
156334
177982
63928
104826
126408
78813
100132
125226
48194
40378
104760
112402
115918
144334
56359
114489
88889
174391
134870
187784
5992
139241
15488
126119
192509
43536
102394
31299
115032
195872
3872
12391
75727
52372
157116
61829
66355
178536
119747
44268
64791
90558
155825
13470
183217
81055
91575
8756
153244
40252
43532
34359
62680
133388
154166
87393
24758
30674
77625
760
106517
105260
66722
185107
69604
10183
196777
72340
97547
152990
151406
35252
180454
61054
65795
164440
101250
165976
128727
120457
84082
150038
14102
54466
135812
4062
2793
173798
92540
139558
21981
48037
179416
125957
11134
159116
81085
2473
157501
137767
192354
102494
182107
12775
155922
138680
56168
72556
26816
18061
15899
153284
131424
162690
157758
8110
194284
196020
173340
47010
145307
85552
157887
91964
77678
178887
130322
160294
6348
95915
68255
128851
35593
101456
83539
78123
38283
19652
93143
182507
161153
45004
161834
121450
58217
88676
140793
32971
92940
163003
79241
39796
42053
28088
146180
30080
170639
31610
133538
177399
66410
158140
178726
198303
170817
17254
36616
115577
104784
68601
187939
103086
77553
78532
114733
84870
89774
185670
73766
145001
78344
159461
138027
183805
104344
19070
191226
91908
51357
10251
144941
54870
7838
72144
22166
144236
188259
189265
107765
142073
81958
197547
11564
17299
138028
18238
105615
37848
178405
114242
149630
11398
70221
70762
89536
181587
105293
109816
46331
78093
168736
148020
112346
84776
168256
135710
7659
137121
145405
162160
4032
151209
149486
9441
138488
68865
35344
73821
13377
169990
133023
148244
76820
33017
99781
88494
51319
87704
178128
98997
132825
19083
158461
41641
51535
19719
39622
104767
4996
30088
49358
53259
136477
95268
77933
25951
155498
128181
187254
183027
183746
166817
108812
107041
40797
166355
28279
44974
119943
83025
181663
159936
16037
46039
178103
125998
105960
154209
193458
187019
125832
153582
183726
138625
35286
183544
197807
88658
52079
46479
195494
176329
166193
114699
162069
96319
69623
154898
48566
86771
115603
186596
109550
130782
23406
79068
90384
162492
47337
8579
41563
173025
17653
177124
168940
182657
56038
194593
109211
27775
89092
108809
63242
152850
981
131762
192702
46197
137367
88695
105566
179530
23870
69991
102059
60347
71517
25573
80837
194380
125840
167213
88306
65714
23413
101596
102907
46749
101292
124459
153006
128379
51685
76989
137718
65674
48966
193465
136860
68324
114375
184009
36960
132367
124940
178429
143026
24868
69276
82921
197929
84798
102285
50530
68346
143837
199359
123959
67452
124035
183879
56361
1942
86014
21361
103822
195564
181406
144155
32181
195752
40096
164000
49179
195847
162429
39773
64958
75169
40136
58305
87141
141552
47724
191865
91121
10474
99064
145584
123572
119370
107005
172941
154880
75043
183115
123352
91283
49834
134606
15641
116636
38026
3362
66075
3927
1749
169154
35571
196399
184121
13782
99213
142134
85468
39407
132013
195961
197560
196335
76561
135635
131579
731
181643
51414
82491
98378
6153
109854
144736
187970
159805
26006
174098
182014
161495
161893
137506
147521
24795
105126
139866
112237
181784
106950
146678
189869
93944
134249
131940
40614
161043
147278
55119
63888
13655
132823
21985
196697
67741
126597
61266
14032
161745
111537
130476
4810
19513
146114
17555
136877
178751
157267
171860
113312
31709
196971
164660
33881
168035
135135
15158
114835
23
8714
108325
187113
43362
3352
143705
7622
162043
131382
25192
20813
142188
80795
27525
87771
104443
59327
193548
176485
40437
190590
63557
72770
146797
189757
131651
23043
71923
95656
47660
55460
131906
11453
185259
16635
86511
35660
183422
26612
69618
134570
20498
106106
76439
20917
109433
130017
139840
6191
175681
64039
197485
122706
75548
63115
79253
56025
69512
7900
154923
27073
93927
13983
173998
162842
165330
4379
42720
139906
138885
59303
23050
148790
110461
13220
150
36032
5098
96697
137252
192942
129118
172986
78054
75139
40526
51847
146320
92186
116066
73758
198491
195573
163082
177744
181289
29322
46699
84536
13388
18272
27771
74385
81983
17252
138872
192082
100676
74602
129636
114625
25908
178088
45571
125916
37378
76912
18679
14920
103192
120893
34762
19379
173321
82931
138862
29194
56239
90551
52245
141977
182444
71873
110517
77096
146266
2901
120370
151833
141678
150104
40902
188670
183963
74465
190950
18326
75549
65451
135544
11863
49155
165601
167235
185315
135367
62309
151738
186605
124579
1356
181973
30073
22471
105053
95466
81060
80804
29068
39804
98967
72896
20235
10000
139329
20833
83002
117591
85527
25252
120323
115912
159004
34940
38058
28747
167145
110356
180158
171645
69526
131542
45858
51605
19660
57480
55270
194876
154829
173490
55160
19023
185317
166888
70934
15278
75492
126908
101106
5221
100491
47755
171452
140814
37197
8505
15953
24378
134222
76433
12963
114591
156995
2482
165998
33345
112293
102415
52974
181603
149987
168025
114755
44356
110749
68948
101919
107137
33558
130110
185942
135811
59185
135003
109214
171581
172238
143103
130236
193421
176864
194520
1653
69995
79869
171394
27028
145378
5271
190561
128831
13963
187137
136109
67888
173697
125501
136165
10457
93374
184828
147076
167120
81946
40743
31534
196515
164823
129803
112585
7575
67434
50520
145183
151045
192825
67854
140806
125997
175983
100406
13447
54895
101426
95338
107766
43897
110074
3081
185349
187972
181248
28777
25010
121300
130226
7651
45430
70099
170305
61088
137312
19357
170330
116788
136944
126830
143559
168497
122725
133164
18659
67911
192863
147176
78952
29267
98173
148251
39720
55537
102359
173808
56146
64087
152051
100225
175214
33910
135151
60799
67441
76471
185753
196083
58866
73648
76319
58425
100624
43116
70468
180210
76847
42285
130828
183751
8115
1990
193961
72523
155774
161969
1784
88696
30994
41680
151922
170521
83075
157931
158084
73894
191161
108796
124192
24801
185515
94311
169800
126181
21129
94538
159999
191355
158747
134019
47269
129302
52782
174370
19142
43994
113013
110260
69376
85898
116120
90302
12147
72373
118520
23464
79558
70488
163440
150831
81891
116737
50647
120484
11089
182763
157834
97716
134396
37410
147450
39703
198172
34875
48391
175273
187577
119489
60241
155686
53153
7200
67414
8844
12936
43618
115010
95398
3711
107568
195154
19127
46653
160713
34979
118201
146543
108270
62291
119621
52610
104995
128702
143331
74831
112689
115903
118924
