44359
19900
77783
159442
185372
64357
54709
136073
57505
9491
36001
117838
53027
105322
40444
83462
110759
87028
64713
170465
128052
76984
68693
121167
160914
74531
185128
49248
77715
186350
131865
70593
40414
73604
56308
167422
130083
49648
133577
135194
101196
197629
53160
88649
129908
124431
188423
54074
56727
65567
5268
50327
136309
125533
56807
150173
175880
131902
135823
24340
68197
15365
54036
161200
54280
148906
126038
102868
140179
36449
51889
51441
176038
113125
90123
152913
188064
86088
26756
198426
64238
17996
196590
21485
199133
77603
111197
59994
30554
149000
132343
176104
70452
162431
40964
72741
145914
141543
141705
88994
190908
183240
52324
279
25758
141294
158879
50763
145672
48992
160866
147457
156516
126708
34030
51975
137092
51689
175670
152393
102955
79862
128498
31703
196027
103095
144545
9775
58088
170503
188629
4813
89822
40142
26572
4497
132286
115489
7810
121992
23680
141646
164355
15645
195341
195043
31134
72664
119857
26139
183427
143985
79786
146276
193821
33710
127326
53268
111949
126936
63841
130716
111915
158903
155270
195216
142902
43646
191666
23160
79693
146714
26285
154881
133917
92039
65787
50602
25053
89534
57143
27156
138982
83709
179570
37023
13956
192663
45144
91151
116284
144511
131986
91004
154417
35629
123222
122660
42546
15494
12712
134625
42841
20244
182295
23156
142899
191505
41858
69048
131199
136437
45024
189711
63430
197933
73691
88283
129468
160165
123906
174594
113702
115910
180170
84392
77955
71907
29750
124546
127711
199800
94604
23155
81125
17160
21754
1134
15920
183734
199205
34166
131454
169868
74773
44933
59930
192285
3018
48602
88208
187951
84799
75791
83205
48896
124721
90447
59587
51539
49725
151174
192608
12228
16723
196032
2231
2466
85216
130229
69716
115732
166066
151177
8033
93942
134102
127195
170781
41373
73494
168803
163386
60664
107893
165578
157021
100881
70590
171128
53645
181334
49817
171796
10777
189778
1542
153725
53543
143248
45403
117852
199715
156880
149461
187176
65032
165813
55433
9827
68590
136086
51560
195381
22143
47555
64716
59196
173752
4564
182348
120465
157218
76611
125224
136065
190276
183125
52406
118665
111015
198870
6290
35391
77549
104150
19626
113513
121441
111579
33006
71783
93471
53496
27924
28904
150822
190604
170596
63654
64518
65824
116743
114425
133627
179003
135761
4039
81516
58980
101677
38378
187832
179330
128889
189580
172039
40985
72400
64920
15251
43205
26893
97051
172956
191286
167603
108004
97218
169589
158348
929
197612
17624
129022
82641
111962
124306
143055
177493
1558
106684
43366
66273
19030
133063
156769
95473
164340
107448
185602
34369
67884
44564
148207
89588
48964
167345
162258
147891
23387
140978
163867
124292
172773
47822
67053
173156
96415
88324
190559
88763
5099
168218
71876
69790
45366
171469
4388
140516
4294
109961
86077
20533
166051
28948
41761
168325
90236
82151
24401
37804
18957
175459
63121
91683
165382
187904
85799
93055
144271
34367
61540
97461
1830
157149
26240
155826
36940
10709
31117
39695
119548
11933
118352
136642
19269
59409
97378
28158
165379
4202
162662
43791
12203
5814
84467
62549
44978
133320
187919
60778
174145
25374
24436
108303
62642
70937
117398
65033
109970
55136
81776
13896
172003
118784
76256
94153
134593
10631
118618
5628
48776
157853
111047
196187
82579
173532
39625
72700
1877
75335
130181
162140
12876
107944
154263
34216
182592
27
170218
119426
69050
80626
175476
67262
22213
34482
104828
76798
173609
29103
113858
59478
167473
118185
147920
94719
151806
3119
81224
62382
71417
20430
92051
167503
171982
98080
178798
32559
125731
171483
187307
79588
18944
130363
186570
83559
144680
183226
166357
65800
18714
118108
61864
20365
129827
82304
115660
149544
178236
192021
143481
25723
189788
75258
47057
4314
95687
70712
142532
109687
146291
37767
170355
107488
58368
121464
110409
79990
103308
184268
109706
97964
197684
177278
31122
146628
3099
92401
64009
64135
103089
162091
67481
30533
89056
21737
122717
111464
171376
166173
155944
43021
69226
109203
78907
22786
56863
47545
154413
157641
125989
160699
13096
91375
179329
70267
1682
182035
162623
128913
106362
16583
193795
53339
78499
105327
116097
174659
183233
151017
122085
59352
157527
78134
38438
103861
126598
8953
142432
26853
62670
3836
125962
65141
152254
193733
4783
71996
93255
14213
139542
30594
55611
142576
127803
16808
94589
98693
41885
186755
41453
3569
188602
5385
39937
199667
67924
6400
188012
132383
97673
167271
24145
51132
85143
181377
29540
7662
50004
26665
115960
71317
47928
7154
155540
56385
84156
26686
4335
117756
142922
14499
109950
93047
13877
5362
177001
15091
93802
128081
198142
130888
78130
131479
65951
107786
37003
111649
119029
62795
107827
128095
106466
85448
78965
15746
4556
104015
141051
25168
143930
175993
20143
70391
177847
190603
172924
63831
60812
194465
22290
72175
84804
94294
51144
165985
57511
115123
124022
123403
133050
68141
128042
152873
41770
42749
169150
50568
115534
149361
147494
150383
57697
147599
71559
91846
4407
199445
101553
150480
101065
27276
9545
143514
94121
95734
176558
184749
148749
170949
105875
20330
27863
92413
86153
70239
70348
157618
39552
87254
9599
84844
180761
71268
192493
23442
19570
59236
110929
188337
94183
97407
111884
165224
51222
144514
199447
115484
55351
185244
162532
159948
26439
131086
174670
122841
193899
21882
55296
173196
45461
42797
146757
113066
127628
13334
109026
24754
105774
102199
10637
144364
14781
133139
156982
176653
48052
9015
147256
45712
17491
198662
100145
91629
47459
65016
99416
34736
117971
44743
181275
72062
72512
167516
72702
198771
199877
198823
38768
65206
12315
7768
186810
65709
47317
194424
97503
132135
193962
161521
27358
82957
23757
143356
16687
197248
15901
84320
152150
21840
171734
193027
103847
80227
197605
23330
1822
128240
139884
96816
34919
106527
172214
197939
167226
43049
2906
151966
172148
91383
159553
78951
46956
174980
19623
69834
68573
162067
182511
145382
1420
170669
136222
165461
31432
126360
3976
142346
168406
103700
43681
104646
63544
48376
193980
20280
166757
108014
12825
113201
32780
95880
73680
78279
133329
183527
183858
446
189319
57968
7014
113163
3851
140953
93848
52101
119128
82516
170329
17013
67090
57291
76354
56041
166755
113478
182430
45064
72464
30111
177328
111704
41745
97846
75473
30695
144769
60480
30371
51736
100273
42864
165290
87975
168126
177093
37447
156704
3773
141327
191314
178034
170384
49318
85787
10984
120383
57981
47168
28409
18872
91782
43950
117049
196315
176045
122451
168019
76416
199804
76409
183228
128322
54951
127659
175288
186526
183667
183514
65817
93490
198457
57357
134103
129774
83112
197566
118171
137317
45590
30287
186529
12273
119501
22734
144813
76553
71546
12515
47602
46694
8265
20597
13968
86027
12250
121543
141941
69567
67295
137406
197123
1769
128918
12661
145258
77212
167493
79737
167621
69165
89844
168564
79435
52118
108236
133707
33648
101791
137144
158986
170625
193067
185557
41598
48055
140001
24684
162725
9131
32632
158066
39950
61800
67944
181706
8633
2033
100638
197038
175040
143496
160353
75425
70051
178845
181694
40600
148618
144278
69330
121289
67092
5416
44437
160522
35524
66051
166694
106436
41271
118356
70525
143853
85408
79516
137788
140681
13550
30591
49320
98457
161618
65295
24213
87551
34193
22890
61602
181146
112613
34155
180011
54447
76248
57297
194388
58853
132787
89702
96926
155643
172710
60261
159468
92110
35666
193403
47408
183463
137943
174099
1548
130292
11213
19235
101218
172355
42495
130780
186717
162213
74795
39147
56933
34670
113317
52099
121804
171710
57892
108680
134451
44878
34078
157878
28970
113560
115012
164448
99428
150080
13554
75575
67643
135552
36335
98455
165594
81404
70705
66398
183293
31313
62496
73911
49673
42719
116519
199888
95185
140844
64676
94717
112123
125816
123123
28237
1208
52174
117565
16910
130001
49664
22889
129640
150355
62594
61294
96266
39161
31411
25216
2775
135620
13680
49488
43910
87105
173140
117313
31434
14725
170999
20194
119690
145512
43619
163957
155952
40961
163877
167208
164646
60628
121159
32950
99287
186742
53544
137706
4898
154344
74802
169160
91340
124194
141866
19723
115648
58845
193180
176250
191856
82362
181267
135122
53859
156852
85971
69916
149546
90642
142023
48036
188380
29714
136614
133202
170678
2540
61612
122436
78034
63218
130107
82926
149972
137400
172361
86856
80762
93505
64121
127834
49434
166496
145339
154020
189903
195428
95830
125434
112761
88814
133252
180595
189623
1055
56563
180114
54347
191125
90734
186565
42566
26904
34056
198522
95927
48033
103013
163164
122837
11317
189336
154751
3736
161966
28486
44272
103151
54988
17028
59943
95042
124571
192939
66270
24072
549
39305
111814
188124
32208
7024
197452
65852
29080
197533
183403
123569
77148
100808
149943
62163
105643
174719
190961
158695
170812
66402
136618
40648
171364
17493
144877
147465
196500
88702
139562
171937
71703
114379
97627
152382
5030
172694
23675
162624
176357
171787
22263
43482
61601
175441
136873
142915
184076
24673
25999
177702
109902
46432
45803
71050
89659
151698
191904
12281
147885
189957
91249
103366
139783
51777
188690
192832
180064
65522
93964
24215
5537
85966
20339
116377
133972
57313
63833
18614
11928
194861
54081
115790
29389
169647
112825
21580
187519
173782
135561
75227
144782
149767
81781
152667
174748
132455
181034
196380
15904
84283
12446
898
111634
106166
102088
161112
183525
124100
66935
29986
35014
14594
23056
92992
21052
97258
65596
36629
55652
169541
2815
76338
153164
1217
57568
181578
7392
56330
24132
7247
18076
22719
132450
88756
20939
161631
108820
178166
186089
103952
32645
113621
32734
111524
110296
46178
64720
69342
49308
184302
182127
111803
40184
36221
175199
189370
83498
131974
99236
143056
109978
160604
53227
198267
69530
9047
125779
199717
74890
31475
84606
161565
70241
159075
84695
55045
22140
102889
193683
18734
94615
123619
52070
2572
58339
22019
24363
79217
158408
146529
146671
109087
116068
50436
48042
112170
13777
105966
162279
52768
158539
49897
160327
120187
115701
33895
115430
160249
106622
123637
120081
108128
14947
153139
112384
82486
106530
7966
82716
183940
39091
91557
131813
144693
114378
58436
25344
40069
94822
112393
83567
191544
3517
68936
85663
73699
162720
18143
143430
87071
139276
88933
16640
129987
115840
17295
74444
143628
12736
102993
8434
46059
92084
72577
98321
73924
185036
29420
172069
52900
71640
146362
67382
185077
10190
193516
133892
35164
20988
16642
100535
160193
61335
109819
115005
61831
100201
75128
41616
166565
106547
3856
43085
90136
96829
108892
175972
153648
50400
190103
144482
148794
101289
54921
136753
18372
97631
22885
94921
176491
4694
148300
115140
11111
134182
176886
63348
72836
160461
27761
90669
130503
32060
33347
24717
114296
130932
27322
182173
29558
32739
116780
167631
125218
175600
199927
130203
141915
103242
171865
66509
128251
48187
4638
46427
184704
119161
30597
11152
177747
119677
148263
75565
18652
85958
157818
15220
73071
159540
194769
171517
107046
131083
76800
42448
164315
187583
178245
181012
174734
62458
76023
159209
139190
132938
64212
137922
158759
22674
89352
32367
74612
26649
57475
130186
139001
132331
175622
127641
87589
74215
126877
120341
158869
91138
75449
59757
27438
52560
53986
157745
119657
47304
148077
167735
157341
139919
67281
32768
117258
181477
93099
165282
89402
138967
11202
12557
108253
199561
102957
116127
152413
78587
108752
179395
66128
172308
194959
191641
43902
12575
93097
83361
9944
52942
192684
189733
144989
153864
41097
70640
186408
120297
54640
128101
53428
181351
126687
63146
43245
185123
109114
114432
106566
79656
176569
175120
175427
89237
116990
12222
125130
27774
115366
167336
186902
75692
178696
114578
50941
154601
136147
30185
413
60312
93853
120558
11707
41261
151498
112499
164794
33716
16559
25429
189930
42122
167564
12296
133686
114962
53522
146876
129728
140513
56914
128710
159391
114600
64184
14433
111581
77051
148592
80515
23319
198916
162386
71257
4607
167073
12047
144097
189035
13187
185312
140025
44375
526
89986
65989
179506
111255
27301
117486
79699
129307
14177
126430
67885
17043
23226
67333
59629
46728
71296
102206
132278
126762
180233
93402
93141
102567
139765
36794
129589
5569
58632
97054
9152
105237
68439
145751
142670
160794
172385
83292
197765
131663
107664
253
34793
32311
182501
3493
20267
23142
8968
60134
72769
16465
120243
153796
156117
103782
23052
74914
85574
190786
82228
9319
169796
20507
176439
46628
110202
68196
68115
152198
46967
64718
7775
62804
102281
183927
135356
75530
8665
84969
113161
36199
116777
22247
37140
174779
150318
55325
52821
1351
111545
53976
170267
34439
47521
194908
42935
16568
69968
28818
19489
113383
50913
77239
90826
147283
87983
135714
178349
124291
115231
166860
189694
96054
80236
21078
46400
159607
46313
50337
923
124307
158860
198734
169026
102681
194106
68604
59187
89305
177155
25956
12328
198175
27892
185728
197883
161686
55078
119115
132887
105017
140168
154702
152043
58146
28947
183761
51897
28715
37014
59238
181331
151223
10096
56499
101666
190018
152215
108295
149072
85190
75430
194041
57379
18755
137781
186537
102179
176085
174610
42091
157636
118797
149243
187257
101098
51710
119096
183852
116053
15303
141761
43969
113483
142661
60811
30768
104520
142041
176342
66005
86946
25398
166144
57653
101550
162860
71399
185977
77897
137206
171375
44714
119734
198746
98908
48612
9910
5744
46787
75795
125197
41900
177394
43455
143473
19531
188467
9197
93208
129573
47614
6279
190058
124891
64444
8533
118854
191222
137770
150469
129779
14399
64504
18063
139976
2848
115299
25067
120198
96967
7388
119431
125734
170904
83594
125757
69875
19041
64970
176303
116970
132197
102460
90326
112552
163699
18648
114232
62337
84729
137128
31326
19654
189301
82764
28779
22643
161008
139218
161227
93052
138387
4157
44401
179464
62839
35480
59232
138996
21228
125788
158561
100841
44959
150081
60517
151854
124928
129551
66437
1734
121680
45512
8391
181299
156600
169516
42441
27858
190920
126320
178625
123870
197854
67473
84619
127861
143647
117333
146108
54201
157539
13619
38916
16161
185447
175546
182129
135249
114722
66380
189830
152781
8328
140096
62045
143815
167437
7286
63461
68112
79629
136250
199575
193329
148557
102665
19025
187461
165860
179900
57957
42779
112698
112010
50701
49762
8963
19220
95126
142737
55361
100303
189705
52862
108846
197487
75307
21694
65252
83879
31798
71408
58773
162641
89810
51514
133996
25526
36325
30661
11854
14208
74423
60454
38987
21433
144983
2783
110548
154905
188882
82086
157432
133711
191149
195098
108093
173380
191493
134819
75030
73160
56012
46319
87705
92815
110397
53879
45502
58989
197403
189859
70475
130339
94634
145189
183040
103017
155480
81825
136000
29917
33284
145178
199150
41289
165313
187186
59507
13603
8619
48795
87036
143170
177804
132886
21528
137097
57349
195510
190876
55528
8226
175149
132462
75582
20057
102564
104699
98628
138569
102730
69374
75109
24063
148975
101630
118557
26918
177438
14857
192126
86776
4126
180646
86306
156751
153844
38631
104039
140414
180084
103215
37671
93328
48322
60306
111156
68195
25513
85645
76265
37546
5234
113807
60192
18571
15640
38893
82517
125986
1530
147286
109176
25037
197681
183998
150699
181642
124834
54815
46458
52851
37368
29099
173794
42926
25017
148905
9111
198377
196651
38697
134353
81719
153410
79920
194494
146844
14881
77747
98661
73343
103451
22129
79889
19035
44773
94759
196257
105902
66106
153778
26359
56529
149921
29728
64841
190389
16365
162829
75393
77578
47208
96012
143075
36461
102712
3476
37532
15766
187971
54401
48185
9888
59398
61096
69851
52361
20127
9130
17211
181029
137876
164136
169924
77524
9035
25860
119422
148561
120311
104541
24199
52171
118799
138599
43033
29683
106318
173064
169719
89323
19149
126442
107427
102807
556
193700
173577
151499
129212
27310
95688
199833
51296
128149
16979
51570
274
124589
55419
82708
7813
37710
40167
183111
195481
104319
87275
146663
185148
69920
5650
11223
187573
185057
170338
32087
59826
87534
141161
73875
98480
133089
190213
62193
189345
74225
9811
170487
93459
192072
113509
117454
26846
102550
42729
124550
72873
58133
141476
172916
62834
176007
17155
199849
168704
129296
54787
7840
34644
188605
98356
185019
23716
54245
145926
130098
25765
31502
115637
62355
186951
17353
81852
23718
173758
93031
28381
183601
73546
39320
84363
124674
141020
195394
94874
22217
74660
117068
172265
162044
121530
64678
86492
191150
19313
136888
147341
192896
120534
182650
12077
46772
72408
42668
67919
45720
53091
32360
184389
106067
111783
195568
36888
1116
194276
161449
44637
55491
53048
180810
196496
318
163870
101585
188419
163395
26675
39756
120354
96809
35581
53777
26374
115262
118669
118456
3353
101693
24102
196451
128153
76804
174668
146630
182426
59036
101467
97788
6037
72057
43560
160184
56159
43504
169704
130988
182218
185867
149963
21439
170462
131900
142525
192257
10146
23339
142449
91610
135591
193981
145905
129738
42115
18572
59779
170602
136338
25609
147597
67851
114237
70173
150691
5096
64635
32059
125237
66720
52579
83732
48684
53484
183066
73004
130481
142202
144771
30571
158804
119575
142758
31721
104581
29746
124015
187014
198733
186149
19964
172064
6854
132509
122403
198579
118771
196238
11941
120622
63122
18978
186826
77793
100423
96058
2501
143796
11323
82186
41736
135430
67311
75762
180299
69800
129995
130748
169215
121059
67723
17842
54792
177157
37170
87042
92470
13065
130231
171463
162687
66423
116891
106494
146731
115426
19282
97864
127447
122772
16854
177199
174744
113073
156989
134232
41550
193914
43623
4326
161919
146116
172044
132411
169776
96355
41706
27125
41476
146964
106880
75262
50057
79767
9659
77614
41627
49064
91139
199905
27498
11558
85934
106186
134983
161926
145419
154384
181239
199183
62745
167499
11339
81720
74413
94916
71287
57993
66067
93611
135018
178085
37264
50595
100193
184849
154353
30059
76937
19538
101690
180
108684
43983
63678
25247
104822
157805
175859
130094
126410
22003
36051
48791
86502
149092
156339
61846
156833
157448
78462
45358
27725
191383
120288
48797
138746
113220
140747
167740
72893
174517
3369
181442
120823
186753
135129
160042
65836
182055
47589
148929
153126
95864
58068
36134
4953
179339
184168
108352
10434
5518
175094
123223
130975
8833
62389
6886
189258
134651
71717
175052
125970
111085
29337
179651
10947
124273
190853
76047
74915
123976
198555
63605
116015
197391
125188
20956
64186
197172
106331
457
187613
166035
148360
147960
24599
148024
138629
155985
12318
120098
144715
61616
5303
23913
163590
196313
159725
129364
72576
164955
117439
4987
76516
112639
8207
185232
84078
47994
115936
38609
69433
111049
124189
127871
55249
3220
73724
132834
175306
55375
124489
117612
192587
78438
60482
155807
139445
140721
131283
102929
29374
165642
95509
155912
8542
18535
85461
1306
135576
124080
64026
153627
26263
63832
150011
144251
105031
127001
159907
153376
171816
48480
79778
77879
162588
6340
144214
25519
191972
129166
190099
36417
87488
148269
107812
20103
172751
35575
117786
24858
75170
62531
92231
52619
84201
30932
186126
197131
113482
193740
154411
164852
194978
171773
53961
119970
70178
124698
194773
195116
150193
46429
107377
66082
107486
153713
168426
76386
105714
37279
6764
43414
57061
60676
131684
54838
188196
97289
156145
62339
135269
70803
77915
180947
18478
68653
158401
198540
197677
15854
95206
61675
25315
63269
89100
160472
183802
8149
2476
184059
144469
12030
67471
19643
35939
160164
117938
55408
71698
41644
94966
108455
189967
6179
43550
60573
123596
104673
116581
111354
100439
29246
142065
62639
121560
198445
135007
27198
132132
71851
181747
133146
77991
19033
125063
129655
126989
33512
36887
41810
81413
45057
35516
74411
151749
20294
165407
157449
114697
194608
8693
61466
193944
37138
175790
96349
1293
50114
71978
98047
142747
118257
95065
124457
49109
30413
145822
193253
73944
190468
154181
189436
68768
47556
15556
128292
166110
70663
101527
51742
60441
151959
5183
178035
46471
68365
26803
78983
154547
192484
98345
173096
102275
10663
67276
6508
91795
55505
139802
175156
146432
9766
90557
116769
138883
103195
141032
60786
19203
4365
196916
48470
115777
166514
160360
85877
152038
17337
64177
27781
83874
163272
54321
127950
106973
99743
113742
66433
158178
122279
49428
161508
155693
172565
131035
163455
98749
70370
55684
65003
47265
135298
159780
109122
56923
196303
135631
135832
143051
6264
64133
83968
4917
95139
59027
105680
101358
46527
40537
141710
158537
30003
133706
170144
134308
69151
177237
190844
112601
8740
91640
32930
104140
122153
162095
64789
169302
199611
125329
10983
173306
139631
146080
25103
102934
132665
197650
33038
16006
43160
52613
85445
89869
74948
103163
24986
62573
93887
178248
75726
188756
116547
151596
39026
106584
193240
124679
180993
111502
6703
57304
190563
86595
9727
118110
133942
177640
117579
43647
198456
32023
34164
171666
73482
15222
21597
61413
189962
81021
16709
123982
175906
185948
145060
24157
182317
57732
146278
61395
82058
40592
57662
69540
64566
56374
18726
187681
156887
92219
52450
122485
38141
27632
22492
148112
164205
108628
187872
10762
177192
25836
15790
66471
108207
84763
21191
51841
58349
60889
78488
72490
84229
101860
79065
192620
197603
90413
21201
31097
83250
163460
191085
114894
62562
29069
15727
10611
6156
23713
105640
17382
4553
63025
131431
82506
33946
35895
97753
20023
157891
184751
137917
143683
143115
141985
188285
164210
180057
5790
154365
91297
12502
49034
172025
47193
63986
154447
157574
2833
56592
194027
32071
99596
20001
152536
131897
90094
30022
94111
195074
187782
171600
175763
122300
72622
178967
56268
6062
7150
143974
53288
164769
57835
122219
82743
142713
122328
141923
91591
160283
49351
32393
141656
138723
157928
24103
16540
137889
42293
17261
116351
26871
178204
195315
127689
55966
110464
58991
54646
182149
6448
53844
70378
86979
18827
147277
168754
160538
104441
185246
142071
118029
134228
155025
120940
28258
188682
176088
10825
165901
96913
22104
199198
79917
13513
32339
9445
66705
160380
162646
51647
119572
16339
181766
103570
142290
25354
105261
103549
171743
144645
16151
179763
98054
113239
19305
129284
81775
54467
1503
91631
54993
175658
146050
191606
89594
107483
192920
88422
189387
108285
178962
149169
133623
150609
158031
107801
111654
153415
1090
75952
76656
84983
155548
144786
132508
193817
33795
126369
196586
82185
29079
146003
18287
2640
152831
27201
3549
96531
180927
158390
81712
160451
28003
103471
149433
108340
117203
144821
23566
12805
61506
196931
113358
178599
75037
10547
59248
115738
145576
166874
44431
6334
162182
171227
24551
64460
52496
33848
99376
95783
47863
141354
105153
38576
124939
31729
101659
35154
188404
98909
19135
160870
149884
43757
156351
89053
50746
153524
178547
153083
83442
51872
183042
63219
141357
82703
93241
128845
28573
84653
113653
38640
97140
139590
152734
152251
55306
90615
67210
95750
115734
36519
47632
104570
27783
103057
178303
146285
99541
117206
101601
64004
8229
78291
196671
186933
114613
186640
102265
157175
124934
104645
173115
10003
178899
19897
83237
120793
145404
83990
36967
65169
133527
191224
100378
104098
196162
104728
163696
97706
135148
84785
47873
4225
71122
51910
56911
152496
19271
4037
168694
105906
174067
186178
173342
27271
12347
198205
4022
133501
189725
5723
23091
48583
103250
198999
185386
82198
286
154021
48241
199534
136689
13457
104730
174470
21909
188635
51933
72921
4931
5721
30219
11708
178381
750
83711
83200
156866
31193
136784
163514
87381
20078
64944
195146
110148
73282
93339
21063
44035
94436
175477
145388
69706
97575
113810
183770
156441
145826
190688
181445
178136
148403
64823
139471
100074
74212
152011
52759
139850
121022
40480
195118
110997
40248
56751
23362
71921
31115
128104
23373
150092
42639
22261
93705
13802
171854
162177
169889
35434
2363
25928
5636
177557
131488
44130
119908
56724
87073
16079
122746
191902
41194
52384
148013
59021
174283
67622
162485
124014
160418
110193
176486
15230
116753
193018
121253
39942
71152
131700
146827
11324
19062
179138
108224
131410
20422
194795
144204
112707
15974
129999
109951
6491
154569
111096
95557
66496
107021
195286
76030
161863
122372
24775
189835
126549
7585
87531
124819
147132
103178
48649
107708
99257
104908
199338
30882
116669
175317
152902
77076
158681
77266
70433
87663
190097
152845
90056
178578
11157
118529
138928
5532
154385
136441
170532
73135
18095
150020
26793
176814
65175
101288
166690
185835
181300
124622
11192
59618
123525
81167
168246
151813
166073
62841
122387
143
175438
179658
177625
128576
178856
101833
46195
193877
9464
57419
45982
93673
147023
194914
123276
88495
197997
74559
176262
32749
194492
23461
42480
155512
51083
101667
93352
103931
147681
14733
148227
184407
10867
118193
162470
151676
93191
17977
152812
160888
9079
73549
37280
26890
22265
147405
2692
174649
199392
102329
4238
8865
145147
12083
51844
136727
89028
55948
55902
189868
94235
156140
134394
138211
143042
98774
172930
45511
64579
137191
159750
7359
59499
42158
53714
130632
54437
141413
101797
74774
146510
147888
152786
72334
25063
126173
120931
74706
187045
190086
136306
98062
166876
65691
60112
92631
115562
65521
45791
123540
196425
14487
110720
139300
8781
122955
61368
95361
166932
31981
124244
79999
83235
111684
22331
95646
139477
98294
185347
36219
73289
117506
197062
135637
166276
128979
198095
122394
119234
89508
135019
177568
49093
77753
44942
111772
62019
73389
66671
28522
113735
138644
151072
112318
136322
71167
101356
4268
154318
33535
166491
39495
195776
150056
114130
164434
146036
53207
143137
186103
28124
77284
79573
160172
14502
146808
10009
65467
34007
184912
74982
94217
109328
4980
52895
101210
139099
99830
146552
85133
7314
3735
132753
66367
118117
134207
167075
86175
129909
64427
94497
76219
104438
69257
57880
198610
174089
92456
131295
129256
44512
76161
81495
192390
140526
76357
75531
121550
118114
173637
36053
157939
62402
70769
148503
140646
135992
98912
146457
32834
192961
188469
138803
159172
140494
69614
160202
55239
170300
198513
123210
170549
175338
163109
107194
112228
63939
32955
13661
98527
18816
16259
54416
136161
198162
54216
82466
41039
77380
36975
129776
170647
118008
21764
166847
170706
39449
143544
45059
104898
30020
148706
178174
49378
65343
106900
62931
172311
146153
111733
106131
26569
44211
124959
61042
190625
82806
127602
124444
156863
13317
32416
20275
101058
11774
185219
85686
133611
75940
73452
142276
129164
82652
100109
7264
111212
99945
35017
58616
99771
144795
82261
76188
18304
162642
149444
145174
95733
27035
13590
4496
166368
53630
19589
128553
54131
149332
187119
146000
45776
71946
92965
137202
103557
87720
84110
96613
55022
23831
46695
29692
194193
83425
78880
198767
25484
52835
91464
130721
99462
146749
192153
157019
157485
199056
13122
91909
16076
185914
172631
126078
37531
98276
174526
171683
6117
166999
61823
183756
130877
190357
20621
135979
180471
181326
187680
139679
186041
73807
79414
79043
37336
95314
2592
165248
10227
69275
109339
118105
151004
169294
98223
150375
11584
28654
40162
188502
186711
37972
54443
175930
143903
27095
93213
57097
194134
84358
131901
56584
4510
179383
121895
40015
60773
50723
199523
51690
25097
135512
78378
107582
28325
128360
81953
140527
56410
76703
71834
57756
181400
196156
87307
10788
174601
153506
151504
31286
71708
160660
27615
198575
188166
8717
70920
41133
58178
91967
51914
98980
45795
61936
89785
63045
37265
157007
159299
132316
100926
172404
37095
24845
78729
93882
137457
82001
99959
171410
33070
60184
4345
121303
7324
180951
171861
16886
154476
170811
159377
87440
98906
42250
124155
56289
112171
93842
23573
58812
41121
27337
113988
160877
2115
52755
87277
82057
146882
19734
60687
173792
36371
86234
29914
158323
136356
174490
178970
61999
92149
73321
111303
165048
165858
74587
111435
82777
143921
61478
110357
82056
77903
27416
166913
31543
167768
16569
150010
87569
172165
3235
186864
145292
148294
154627
79826
49912
76005
64727
65872
16931
188555
124504
130739
41836
98986
183088
190963
4364
79607
79049
59566
68142
45568
84831
39888
32800
87227
126101
57870
14065
155178
69100
19871
127956
49361
31682
74902
50326
154055
30523
71230
53800
168663
78383
4301
88752
152792
186609
59786
88846
79505
196319
161148
107301
50651
150147
31684
97624
69089
147702
158744
105728
174040
108197
28330
55955
26500
95446
3571
99601
141912
178065
57330
75945
57487
142374
1948
56967
153132
83551
43445
35861
187345
19587
136991
8325
184082
9649
109278
133008
56315
54425
19672
96708
55591
88723
87689
148655
103322
53798
69961
4923
64531
83393
64981
163647
168024
90786
18956
70978
118608
63238
185016
28796
16172
198026
21212
161324
9431
98064
173539
184286
192255
57719
133187
20901
189070
79313
46711
178428
59640
171065
104792
40831
66870
160035
25481
168278
163720
10406
1566
68689
168180
99949
24856
108986
145111
84441
113919
64682
55513
119634
61424
67809
86025
177762
144026
95136
144091
162957
81270
137481
136795
14833
126094
188609
119757
147287
65125
99767
91219
18052
68608
61745
75500
10603
88973
174607
18113
20810
79736
25292
121751
113852
113743
157993
109604
118306
192539
143489
160344
29180
29482
115699
178424
189630
20142
14612
125032
76935
100672
49752
70557
110539
58718
162678
34828
78555
157583
160381
105294
84398
194906
191717
168899
23935
20713
143353
136274
96686
65838
93249
175643
138208
59076
78708
94209
27865
85859
135069
36473
83589
145640
21637
134282
196326
58895
149274
155265
147790
56747
198323
138430
162117
11356
12560
74287
80960
191103
89330
147740
28343
110600
136637
83817
186690
40628
162255
11193
181939
112117
117127
94809
18371
40021
173714
84204
38118
99527
14090
123679
104877
66879
77859
12288
74792
177204
143114
105319
49729
152295
119081
62682
56505
110407
154049
58707
175121
128323
99195
67482
159035
59218
15176
176754
93618
183259
170833
144044
88261
147825
20018
187292
62365
160723
59927
146635
102639
169398
129326
8540
75036
63846
102844
127724
17094
115736
58823
123068
69052
176103
52621
73771
31239
184723
83134
49975
132453
4361
148088
61550
172260
80653
151905
131216
85166
32089
140076
35205
67581
142351
86087
9324
103355
81854
153570
51604
195346
17766
146700
26009
79033
168892
13951
78440
124974
60169
31172
145399
108530
20383
141056
44746
190471
53731
60444
70861
63985
116977
118857
190208
44434
163311
107565
87150
34870
48713
31266
45549
22732
166162
159166
76605
14523
80325
178031
138044
160916
175788
115144
53542
196096
172454
101228
183837
187729
144827
113675
89086
17251
135302
117583
90630
20236
168138
163042
95551
50604
174491
85769
114311
40948
155787
131569
192803
11736
173576
189591
26637
45401
440
90348
117
67909
163002
184061
73171
71680
70097
98493
71658
46484
178744
60403
187522
38007
67937
100570
106348
146486
127539
157673
89160
171404
187386
116923
185305
171799
48452
173652
170157
69993
7981
173959
134288
186779
78508
130520
168724
32956
104154
76486
176401
146585
82030
8122
139022
36387
85998
94247
80481
117788
116463
104671
111597
10795
122767
173269
27677
193920
107852
23997
27344
151923
56220
71244
49478
136344
50465
2364
150974
115713
150079
25520
181681
128911
123028
138730
110625
133622
25868
42647
36648
122311
77636
80564
133980
193136
92380
123041
124519
78056
1362
142956
78975
159485
176765
18836
145630
139798
29702
28719
127260
163811
93165
104095
150456
161088
161551
151585
28638
90232
172994
179665
39997
47340
2343
197286
168100
140865
170237
29055
112844
182811
56812
32482
17445
124070
78486
62075
12371
35407
88660
188663
169426
139267
33437
185574
28146
179667
170928
180872
186635
119578
41144
151208
1128
141480
171985
85694
44398
52683
166293
62322
64753
151321
189605
69911
126677
119693
195509
9348
147651
17424
137080
102858
113941
173528
13611
72485
141118
81241
194270
162903
189321
154604
42561
151822
159297
130002
49066
26749
156397
54221
37729
111782
22778
130064
21200
59156
56452
125285
57891
8306
26231
33811
101400
134994
124073
98679
151593
103710
119002
179245
31200
71214
5459
52288
40697
103483
102679
9683
20581
535
110711
26875
171115
11003
45189
72520
178184
73656
185273
197077
161861
88726
85294
196173
172181
84853
34028
68326
80761
60149
117916
19956
48752
98061
144667
174475
192329
88975
145774
135767
102621
107611
133084
199748
165347
54806
53057
65002
19624
95892
178122
132540
31557
161942
25480
124596
82142
81433
76837
82602
59500
121727
20509
78154
20891
91769
199690
119089
83704
28082
134665
192054
18983
91330
84578
7653
47802
100616
125072
191980
52595
72842
59737
186323
68994
84436
84327
92663
173999
174287
54644
166861
87991
109759
102880
142540
47254
109549
140569
88790
18676
131335
61302
9942
161205
137300
17797
134474
120660
171330
75424
189992
172705
89662
196994
97804
185783
184709
68963
159828
22226
76973
173856
70644
197613
66169
30978
90946
189849
19289
63069
97774
164788
5404
56900
103458
108773
64627
7801
87572
78902
116675
195194
176066
111078
15590
127690
27742
147238
177233
94320
179566
196521
197099
120565
38742
195086
32292
92294
117646
137195
22136
95049
59024
168762
27277
50130
83585
135660
123125
62966
32282
86488
70307
29551
130792
166482
194998
166641
88013
3794
152738
27687
143862
85741
37563
20717
133718
46242
118487
123464
172400
13774
171431
181109
188575
38698
63977
37885
156931
20510
129294
88582
93204
185790
26004
20642
117635
112005
70322
5887
35535
187442
186388
170952
81617
42144
137426
40931
88295
141704
87026
23128
118338
197778
100128
1849
150452
47494
124220
74616
157855
54003
167935
54302
115415
47215
193217
30527
17562
86594
116005
91177
19186
35462
78893
142813
78108
173247
152257
39974
165939
141796
108514
55163
66991
134089
76565
86621
179261
139830
38228
152603
129197
57194
55052
49247
32145
189776
139825
34034
30469
78637
186457
108774
77700
141366
28730
85570
80552
143060
67469
190177
153350
62292
75372
79020
75407
44286
10324
140672
62501
109426
25098
169500
77268
8872
116023
145733
7690
172030
46357
120259
30842
170027
23498
149124
105516
18971
102077
64839
101391
182951
66673
135328
30179
193184
99835
91034
50836
160479
14277
103258
196427
51129
110750
127630
141855
29835
71100
180406
15542
13228
64782
6876
151681
42662
54826
187660
91886
72250
199341
131966
172117
123312
24313
169014
58857
55025
192043
30539
128029
50124
22560
169569
184183
12285
121081
64776
2120
55370
195642
126880
187195
72448
53568
163099
161178
184204
37549
118760
101229
108935
26543
121889
105482
95284
128893
102633
105645
105896
15373
64465
150864
23148
186913
157861
148688
30379
138259
115708
155057
90003
79828
66445
177884
85744
81231
178462
183749
152930
2460
43373
152943
171183
30684
45859
74303
184265
18586
63261
140866
43146
140891
100140
40676
122227
139036
97751
22478
37219
145979
37030
60148
105395
24477
88815
102607
94421
139785
43725
171443
32871
22574
101088
106805
158265
181372
84850
154670
78325
123131
94082
46342
64633
95343
126649
96744
24784
188606
132233
50676
171187
121663
125889
6212
74431
89094
55693
20690
167545
19246
88078
110617
96245
26632
129746
152780
199668
164781
11371
171815
164474
16395
176661
40972
136286
87029
78840
22127
152054
156093
32344
80260
141780
127470
74268
69978
55304
115110
192999
16208
138134
31112
184393
157800
9876
175570
53061
178689
149143
27686
107016
26190
10284
194805
152370
111336
48933
56164
193189
25720
159749
59541
118135
55064
81627
109201
147653
84533
43650
42343
177879
14117
178199
193024
96711
70424
82922
138110
64708
53608
53213
75079
93380
42742
39819
22999
187477
176621
5599
181231
73676
83030
90301
182343
123693
36748
168837
88759
40415
57926
163854
6784
10118
29719
60694
171335
129110
96614
109333
54957
165865
199003
75022
199326
90995
87829
89019
25068
2999
124340
58118
136749
62381
34655
104954
14544
49806
109755
38529
185294
30582
8729
192860
150964
91763
43854
126271
169124
44443
38822
79599
47693
153934
120343
137403
156137
37298
198951
24789
27077
64685
77110
71037
34525
61362
45044
1590
49265
117234
168678
74981
131093
155462
127883
87311
70482
99879
124982
124708
132534
96374
98396
10399
65470
187639
192521
29681
133246
97715
65313
184202
186448
56829
105900
25511
35860
179778
149302
137898
126848
155346
107727
92610
90587
192248
163783
194611
196372
177571
189278
60294
12840
153971
177064
5686
178953
171630
11238
113545
77608
11395
126149
166167
151925
81356
113142
179564
8027
35961
134583
118716
22245
114068
190432
154718
127454
121652
153400
167051
156757
167862
68167
81938
169035
187320
192890
64707
35983
8214
59700
108249
140812
108963
148129
112577
189573
102471
177055
110550
151907
62516
113221
51248
149468
120185
70609
131269
9826
7774
164801
75970
185044
145596
35542
44269
43717
70879
102537
11066
63772
70319
168850
172223
94856
199878
147646
62732
65399
131683
164533
11530
65326
61783
112257
120163
111837
195559
70685
136355
187766
14905
197828
142782
187840
51820
36365
143498
7666
193346
108745
140393
12062
113994
107238
157265
98469
148891
141347
74737
157623
13760
154725
178661
40024
45780
37571
6394
17968
130981
126001
64254
93934
146801
157144
146618
144628
3424
24502
64483
77856
2463
47974
173664
155817
194206
47091
65178
15582
76022
22150
75081
149658
45089
118333
162342
101991
72349
127988
45168
118047
105083
156146
187127
32931
194358
23881
183051
94433
7835
74366
120495
24625
164705
38298
68675
72714
37371
109253
162513
95698
4632
41413
154334
186792
28957
118205
170505
147761
31509
106679
47580
90735
51705
20172
47205
79342
195382
196308
107471
155954
183161
113990
115073
183206
77531
147993
174431
98467
3301
53434
139058
179678
66375
72351
4359
23021
72044
191083
114455
112076
180211
91829
63139
28570
146374
126670
114642
189862
87987
119478
177786
137690
100337
91819
176768
173095
93495
15470
52722
94167
180966
64479
168110
177651
36171
50917
114115
2559
60020
141516
80279
98284
149944
26087
60394
66319
168425
173415
99657
57219
13058
136515
41666
38049
42510
158547
27821
88608
195247
161036
118537
50714
99528
117438
1376
8436
71138
187224
23035
175028
160819
95756
2834
132389
21605
108936
64652
129352
15551
171717
143999
68382
90771
2201
65182
167477
140589
178736
189261
6987
135703
132785
69147
164385
160394
51894
20189
136192
34771
72821
5513
152878
130369
50161
58624
37985
165618
10965
69686
10545
157816
90166
51040
86288
68598
61047
187235
137273
177946
38489
136726
38096
89799
50381
156313
105845
10876
107779
97571
121412
104091
167224
85268
67175
113334
16485
177490
117211
76121
178346
82653
158714
187117
49576
160813
187608
125022
124252
175676
12046
173446
199765
199565
166864
137633
39412
7536
94698
175752
126610
17191
192639
143725
70580
52103
198854
137761
168154
193276
58243
129733
155382
130483
75161
36345
178715
91097
134978
168587
51156
140377
111655
837
194887
86458
32718
128531
34185
36553
32430
46338
147797
19171
5741
171692
49670
13041
33790
128253
48809
49755
175893
92994
177957
140951
88636
135046
94732
115510
106317
86125
144933
146461
50881
114071
16769
32423
12103
49871
116999
129815
173824
188528
150441
51273
64538
191499
151548
39874
21962
59769
102455
160711
121687
150927
29794
73123
62451
121235
172344
64547
76379
195808
181955
136788
130542
22942
164813
183810
43855
50954
62791
38677
58072
194941
19539
101207
103787
97272
71576
186989
161695
185501
195421
42241
7956
11425
158645
183700
7224
7664
153913
120820
91696
12207
32502
33023
122217
86243
120847
195545
100766
6709
9229
141210
64381
67291
50429
135370
181084
72422
158968
161936
49284
123647
120476
13496
73834
140691
104059
111566
80849
83655
180289
153874
199053
4378
112474
142881
34835
162399
38276
78534
153894
7402
63903
88895
87555
78748
51157
81041
32485
89303
139112
44010
162717
160547
51639
6572
33246
114086
84898
11759
184547
110941
181874
47823
42457
110703
123281
52993
31291
52229
170176
5904
119261
104554
31573
155035
141494
106937
7561
175285
62889
134698
106917
68984
64463
163830
27389
144848
99846
1707
40962
193688
111329
168596
186207
112268
158296
166508
93378
176576
116245
130422
104090
173051
123956
88826
84433
89474
41569
192181
139626
109163
17614
8037
199824
58744
45681
90957
51194
146440
114966
161669
161874
150728
110087
156095
135444
129708
30832
124798
90209
142656
92949
125523
6561
71324
4258
86715
111708
83719
169156
101820
45373
107258
62038
103722
165285
118281
193010
123779
187229
181172
187762
21294
167703
196347
1800
89735
16852
174787
12779
155365
15403
77927
95254
162620
156002
101017
123768
50553
119162
198056
73420
1561
1964
83980
56759
54110
66107
97548
166003
62398
136458
160768
33486
64827
180359
55094
13104
38775
94315
133433
5805
185572
76959
198977
168383
101508
3451
133588
66386
46524
170986
179401
147635
160790
146089
82010
182114
141053
180492
164367
142876
153957
61796
130970
63147
165238
24038
2131
117292
69945
26021
34424
57458
1926
42968
28142
139408
27945
68663
110947
150461
3563
170195
96043
108005
103991
75624
24960
13781
45740
2518
102918
149466
166584
192386
196952
130352
117330
64414
150711
16571
184373
114255
108406
116525
99477
151620
75934
74970
112961
19316
116548
31553
36897
155778
117113
30140
156332
110790
150625
110014
75096
176156
127991
43493
153567
86210
123114
137829
173009
64252
61153
13042
10939
40827
67158
22463
138446
170383
28322
122822
167013
77052
154708
169802
1862
70740
94721
17044
134380
49236
24590
185749
112644
10934
125294
124960
110659
160351
39566
111249
7543
165676
58194
96557
78077
71455
78153
85260
161674
789
81697
143528
133747
104007
59448
144362
147094
10303
160694
130372
134488
158984
69099
40615
63203
114490
130405
151026
77057
72789
69212
111953
78568
46000
28101
69552
127683
113993
178591
42214
137247
147099
43032
126593
67688
137445
27662
91861
175111
13576
196243
141631
44370
162966
120236
21298
8637
177293
151455
2983
29181
115391
193571
119293
53033
89931
55752
43537
39265
114922
166390
46609
96005
85250
189086
183295
62771
145265
27387
182826
41503
179451
8413
175693
19027
107943
120191
40575
46869
124335
191914
105501
53218
65870
47151
69310
178170
96802
23728
118928
13532
19674
49683
51821
198480
131227
194300
69891
1552
20788
70916
165039
14754
187569
79863
36844
147231
112048
5630
185078
190589
61651
134871
20671
101648
42211
22381
173709
120015
17313
46461
151917
639
178807
40696
198096
18428
199379
191778
198071
49390
63938
195050
152211
109196
69855
156104
188845
3963
102590
87710
74613
51347
16287
59919
30292
31867
105954
197786
26136
145330
11129
118904
180076
93670
36320
81420
5198
63983
194741
19537
69770
102452
122689
105410
85247
102207
193916
77381
89843
64024
134649
46994
152477
26422
66275
134368
108435
109940
18883
162653
25869
36715
86549
167162
166149
53223
137107
56649
136481
133721
164535
32369
116783
163161
18117
151077
166728
38345
77959
164224
127224
58182
102710
88439
51397
44604
56654
149764
63722
62923
80478
12867
107940
70449
124237
55743
16740
107245
54572
154426
172610
166661
55738
157376
147723
125391
158983
130214
12488
57690
131768
1952
92485
35551
10633
113068
150611
167041
25134
534
198358
9361
27557
66207
116678
74839
34063
34119
127165
91737
108138
89910
26965
102181
179385
58369
4512
140293
72751
154856
80742
91746
66451
83905
190577
130475
164850
106477
144931
99380
186919
37513
55704
2233
114304
29968
139010
30452
144909
7798
187999
54890
29026
127003
20865
86030
50960
183121
198220
89148
4552
182939
59535
142757
118380
185680
121409
84046
12694
74807
116132
24597
58082
76353
121419
193133
114516
149365
172433
156559
45874
140103
194655
38381
90063
192423
102876
181615
84716
162137
194402
114993
131947
182985
125573
103101
145145
133594
176823
195159
181952
52383
93388
178211
140153
186660
185307
80097
89054
153868
54953
137850
44687
81639
111479
28553
99887
90910
27022
14469
166359
166080
59844
166075
186365
182770
166964
118159
111129
55539
78608
69663
132946
88304
99060
84526
124554
176858
165716
84246
3855
88896
147374
57585
28182
142568
48288
129075
122110
77565
157719
36706
125192
71157
134637
170911
84595
170880
1271
196364
24832
7358
28739
32349
114168
124412
17396
37507
159976
97216
193849
162797
32191
162387
133586
137439
166642
13872
198193
99698
102303
61443
37258
26746
34405
85667
15471
177252
174738
5227
80091
168074
35376
143063
167496
197993
186494
5666
149927
189483
37320
117533
33989
94909
82595
107332
174823
177519
75753
74673
173411
136342
186613
73645
164322
55157
141411
101028
180712
145870
113027
26414
115402
159817
92625
143970
119415
145747
118351
5544
125137
45574
23620
176265
51757
132673
83880
20706
122521
19384
101778
29205
5672
52259
43785
111748
104574
84355
17751
194428
48614
93263
110435
5626
158006
191959
132858
60131
35230
147889
156588
89276
196195
58990
114098
185133
163630
150390
178698
7350
82570
1404
30951
86853
90057
108947
73762
125289
198151
134010
4568
46292
88297
164638
172222
113691
115782
86110
109133
148374
16447
50886
91441
119356
145104
193494
147613
170297
164024
170159
88749
64951
142217
21413
68076
1733
152350
18349
113632
56742
75291
27549
151843
163778
12616
185678
95903
153858
149985
110151
18041
115325
109077
92785
185542
71187
164656
70137
53654
2122
88576
29763
70945
178480
173462
190519
96817
56608
126147
197427
57245
152007
190260
116848
106700
171644
98884
165260
15916
107959
31052
122984
192652
164066
15769
155795
123341
97947
191266
128407
194802
32200
126026
45476
162180
20529
139828
139064
54167
99792
12863
16434
12350
34931
140839
122327
183811
196159
183236
45220
50817
9179
23893
80185
135365
51925
63361
136624
107458
151828
4800
128566
1695
82456
152928
87725
61432
106691
73853
48117
198995
105537
13984
72553
175387
56229
18007
86347
100748
19656
107439
81230
97152
51008
133849
93992
90388
110311
82855
6331
192494
136270
71292
56834
153454
66081
25301
54329
188144
107825
36821
506
129883
108496
31007
158875
108807
124720
59722
106346
149226
169818
155465
26597
69427
157869
54877
35617
81425
133805
25332
121169
90873
152708
69869
111369
90788
86296
183671
51312
139355
168178
41864
109358
39965
22507
113348
62269
101234
184546
128224
165396
151234
51607
20940
77097
195864
56785
90752
27935
77491
159273
5134
79023
82293
1950
167909
173844
51886
199564
107721
99472
32799
38935
170567
181381
90846
31323
3688
82765
102530
156022
17704
104142
174846
107858
102747
133745
49350
58694
198860
91359
68461
175603
7374
167950
105858
41490
192689
168987
45929
143523
37328
86212
77720
61621
55236
174889
163687
134613
184767
138666
83454
132871
73715
123923
131292
180833
14176
8895
96275
99496
109040
145876
147729
136713
113749
56123
137484
114298
17273
6553
131996
1616
62128
151664
197574
122141
55173
155018
159260
781
167298
167848
109020
177346
103978
177824
92145
96269
67417
43658
15175
82203
73980
147528
154772
79914
80379
161555
168149
143957
116310
144434
198369
84058
170765
143527
57314
148268
198075
140849
81954
79093
43742
53681
132613
177910
59285
90935
147866
186574
173036
60779
71326
43551
54940
173176
168960
199509
105168
98149
105389
32629
87966
140119
11108
20879
194440
194315
11721
188578
168723
109619
186733
67976
185103
74329
149984
138923
127305
110767
64644
55887
69402
37228
98593
180259
64724
116859
20815
77883
151876
130740
192886
38068
167655
46109
117802
662
66652
124744
198047
16369
163316
47597
159940
37527
56510
13261
7342
53366
48807
17230
4160
142199
27504
7579
8966
106627
3274
17877
58935
168288
3865
189180
39441
171962
177312
63043
145225
30161
195953
33360
101906
136260
88789
68873
150222
54333
118843
43632
89513
25090
51896
101316
53404
197114
22384
192827
63533
24893
35891
167109
105809
39564
95116
70157
134436
91979
104129
101901
28049
161212
91922
157412
87011
129978
118412
198607
178456
134676
90691
74912
150166
107821
86941
49828
170426
58210
195042
167823
166507
23472
11871
67920
14600
144380
117100
16604
177563
154848
157322
160855
42109
44530
103589
51270
27257
77807
123142
41857
114442
132002
197878
74115
83048
192932
89105
33661
50306
29117
68996
148510
104153
60932
127667
12176
3567
102479
86398
118439
122755
75175
83663
142740
87828
116394
103775
5595
105385
187887
149137
113215
116751
166070
188585
159370
185540
144464
165651
10721
121281
128864
104842
151788
154058
28834
2299
163982
165416
172066
138412
43466
54488
156337
124772
178851
53002
91876
87923
106020
172143
102616
191545
14471
54319
70901
51638
179198
166807
50418
84069
142430
40068
12811
114477
142081
199617
158047
124171
172334
36037
120013
36835
160591
40774
18250
153270
142957
1989
52867
3313
23340
48048
76882
193170
36973
74506
89621
174804
152824
60865
160705
105353
45094
65729
72126
120436
21668
17846
99038
28470
141577
63651
103090
181916
168274
69638
129327
162438
136605
37012
178202
71931
6322
35512
2052
199389
15852
17007
175781
119427
169841
69400
16840
183885
175553
150797
76776
92756
57096
36840
191365
66134
192970
5426
126174
40606
159934
164837
9493
147802
179059
199731
95740
165149
155554
28870
92001
46148
28858
128921
122288
113090
13135
184203
36880
176255
94769
50776
118280
174318
81561
182093
188504
148219
25937
110058
159459
112614
42812
167270
34788
79205
124486
177678
37547
178316
12720
58910
155668
78335
180126
108098
32623
167346
78477
25294
54179
51260
20876
115749
63541
122019
14506
68883
16093
88250
172720
12660
19688
4433
146072
31928
2645
153427
60575
29786
194174
27515
59946
2845
113856
66516
70597
113385
105595
29371
192552
111285
11770
133659
42318
89599
62336
4993
187210
38066
48139
145024
52951
109425
33747
180368
195744
152540
28759
135449
57637
177374
55991
161692
190048
54240
185446
148690
151877
169676
57651
91292
8209
20119
155673
25006
182142
58096
77635
191877
75581
152919
104234
88287
53774
125345
26938
84736
58867
116895
170593
34414
96207
50227
104100
148478
105859
141062
5320
11690
49933
180560
84008
171473
115130
188164
180324
54148
22487
118764
34187
41179
90283
194606
96535
84089
183556
67837
89868
165145
70434
152460
198478
33579
64098
147711
168071
78892
97352
50320
63172
53055
169896
116037
28610
803
138037
54867
78371
189341
9292
194321
9746
195735
119259
78728
56977
189809
101653
21877
171858
146015
7280
11965
135286
33951
28801
3159
160391
136891
96015
20019
59307
100100
123455
60264
101343
151409
139801
164495
171959
72632
195729
131612
133487
183268
83991
94519
102242
85864
141338
122107
195361
182604
58478
31631
54706
153737
154531
108511
169089
74323
74264
104425
70887
124408
120641
55510
31261
170474
124593
164904
43518
181460
24170
135495
63158
44634
11005
158780
59981
46652
113561
183327
2477
163200
2459
148420
62466
95471
102968
5166
21940
10613
144280
90541
58360
97430
91061
128014
155820
183976
105679
178430
33047
4530
125062
84369
62875
76277
50040
47367
119074
130118
27634
110059
183214
185291
106995
144020
149832
156630
112806
157628
6681
149775
178900
26161
48611
34103
10927
162040
149809
70921
83835
15764
44096
10587
93713
23062
115571
42310
76639
91785
182858
113400
75580
172379
148021
154481
86161
86247
162206
116901
15825
56741
40571
37788
85318
87251
57577
77539
14959
57559
177035
195582
108967
194116
155343
121710
116700
198104
77709
155168
28973
171471
23769
12569
11227
83779
63313
156457
157798
125148
170328
83733
128755
185031
99825
152596
128928
196701
23955
20026
122917
148643
187875
164074
125582
21713
33308
98660
126717
162024
161255
39128
129920
68825
87635
184991
115529
1642
66746
73484
47284
3875
169061
150643
94550
150909
196685
164582
15457
86422
42098
54434
110598
59151
45847
170169
27779
188446
31912
187527
146156
92054
139853
12480
21374
110169
193482
178945
133567
136334
193778
33231
76903
172760
75242
3400
82066
74956
96283
50432
152316
153630
58516
185017
188044
143711
95928
183241
69063
113928
32728
89605
55637
139883
65584
76201
63494
22964
11939
11321
116910
7090
111552
147537
108655
166105
3115
34721
73020
169880
72459
32852
30516
160254
96869
975
198483
180726
188646
177009
195183
123081
90643
28128
55662
5449
76115
194181
83351
97420
95765
155423
124900
186708
158626
52130
133945
195672
153984
132295
29588
193610
143648
38434
25695
43586
179216
25907
108292
44611
172848
197987
154367
154932
158010
90430
111003
159081
121830
183991
199596
92262
80413
98333
179170
68660
192463
90419
95622
74243
42952
47605
28917
87801
148783
117951
43515
175516
86250
161967
127867
31029
185269
161613
45896
114368
183706
110497
17393
26278
138105
113535
71912
52364
110634
172554
121055
76397
148131
84166
7451
24983
167359
142652
135786
62403
40349
191298
141097
27905
62212
97638
21440
49059
107395
116837
136731
37820
128440
1342
39858
75513
186018
72905
81476
4283
167602
102220
108698
186262
87317
135485
2195
73419
142873
108822
99237
84093
149532
411
191911
192844
83055
172452
72699
102806
24664
122004
5031
158460
90217
45322
114588
10200
14159
72046
89182
133335
187669
113761
123534
77566
163047
145333
112419
179240
188569
19102
193852
121361
126896
182589
159541
81355
32827
24897
14005
166009
70492
139371
92554
141716
39205
169490
89904
127154
104196
27570
150505
190235
174651
36890
20531
157108
15020
130855
94496
139704
123353
137197
113952
186805
144453
189108
124245
46271
45320
194083
34105
198003
165089
49289
143596
51341
141021
37899
173513
12286
2505
24159
167546
107581
172522
142027
9682
61795
95595
131820
32170
129084
47963
65905
155614
168612
21956
133152
32654
48555
46434
174109
174058
160307
50505
53523
140364
117627
162537
172966
44458
116776
168240
151267
94998
43454
62350
115556
60474
133036
140894
181842
10826
146447
63271
28791
98123
86307
111474
107212
188155
85313
93803
32320
11761
124264
147086
94555
148211
165086
116048
16429
8236
120830
170494
51936
79090
195493
104556
95781
52630
10507
89742
34199
57840
77868
41694
153018
150022
77581
56562
51824
4093
127822
127813
73795
60759
99163
143452
98307
178615
55218
13344
186307
80197
182427
98626
26280
134927
90689
199568
170255
138838
30950
29460
196803
135377
149652
194124
94680
132391
22378
59311
101422
112985
169410
130674
42036
69513
121578
90864
99909
195668
84181
37373
95094
143100
191496
49014
68863
15360
60784
106238
164190
32859
154867
28876
136890
42551
74674
17814
178105
8813
157865
42889
11834
128170
20171
142626
88294
75488
142135
78090
21683
137420
122351
145286
162441
52634
7142
192034
109101
168488
140878
45184
78960
125882
191473
48361
122286
121538
163208
128398
55792
14795
145459
40231
51446
156700
184276
98611
154207
127390
121134
178466
149557
113885
58974
125999
56708
195415
176024
121834
44646
131044
139896
136130
194230
60009
199279
13823
25361
83584
10340
70708
114466
198115
37658
147525
35025
111504
148507
190672
189660
43438
199270
165738
50446
154860
180737
45738
191379
139512
41703
106809
170566
105177
103816
565
56970
172163
195671
3145
145615
75564
154668
5687
59686
159015
81514
144964
98300
184295
124017
120105
10173
28563
113670
87014
122715
83180
197679
64403
19503
153552
114026
1406
161975
159868
99802
134391
102023
99403
161284
121338
192449
177862
159412
125425
99391
60642
157904
179344
79968
120182
144561
173903
93686
188943
47714
55949
165025
64667
100181
103593
140069
12693
62364
106030
184690
187310
188923
10804
93993
65586
85446
12945
103699
33939
196226
54945
57850
150312
11055
24383
193756
38658
196857
191784
156538
39278
144606
67187
191721
172376
139835
154619
155970
101318
92997
55610
173602
60994
193890
175729
199569
145813
146441
5936
193072
123582
71764
102749
171880
171744
125599
66985
89619
133581
120161
194557
99454
48780
195422
3776
130613
198326
49927
106260
33958
194681
177825
24443
176672
73673
14381
74499
56964
199123
130576
166022
157633
36528
120588
138816
151955
103252
134556
193963
118145
103104
170397
199215
51460
56136
68181
198822
149847
80918
58332
166405
134496
154870
10418
151868
114372
140813
164429
31533
81884
37567
155029
59158
174942
170220
169706
55506
186821
39424
128948
69282
66416
50517
66892
142024
58662
63396
1026
71984
196752
19599
23158
67692
13652
100062
15500
186948
10390
65372
114339
183086
197815
98270
88597
161469
82132
161348
45429
71866
34432
11623
187626
20094
91013
107914
35737
116055
92901
35670
194006
189367
67087
156135
128798
106386
134416
120035
11525
64348
185784
173665
122536
88771
96685
161764
63970
124880
117116
40439
48890
60692
151602
142277
145187
32323
178597
122304
55787
138641
11271
109316
111358
80218
24470
75478
35011
179956
24119
131345
30506
67118
11049
10114
197633
87353
119045
130179
149208
34260
51463
82388
132634
95906
79254
94805
146587
10731
114748
30131
146719
57201
196979
108427
26282
70533
30424
133925
81077
13794
169387
46379
36251
21007
30580
105574
199272
149932
117129
50180
84548
100640
1692
101430
150638
45335
64242
190735
124972
124820
148833
102937
155753
90228
119123
44416
70835
150303
154933
118417
26316
44793
105757
152663
125415
120301
180942
68267
185358
148869
184109
70115
132094
70812
163218
72887
117210
13765
15895
63386
64606
189877
134343
27229
120474
57528
169893
60637
87899
20887
60827
102235
21430
25603
120857
160592
14488
146568
84187
91244
91493
160710
104910
172042
153645
152616
165197
129456
157271
1374
145492
163324
82878
108447
136168
172739
38959
76586
119817
68581
58837
52953
163582
155513
8499
144240
90022
12790
171286
89326
93513
131293
32064
15075
36175
116961
57018
68988
59971
125233
23802
57039
137109
91413
151487
172045
81752
133191
29086
148974
82951
197940
78548
190117
26383
119928
164189
184955
37705
65362
85935
183058
192922
15580
174153
11771
142061
163165
138768
99495
90599
587
111994
67344
196272
5126
189057
90909
157765
143391
107599
32744
147208
75860
32611
130358
64413
107495
109377
155855
39634
28436
108188
95609
65177
131976
178777
172263
146168
98575
190698
31054
190925
58613
5808
55876
18073
112503
108185
100541
102709
70771
126210
25274
173933
31399
189072
168949
114507
71193
64889
42784
11638
47285
90574
28382
133645
161987
886
125740
4546
137408
22460
85492
110028
114171
35377
35605
145679
36606
71023
557
87000
119338
162088
48447
53726
32757
55345
156040
126942
175169
67646
94627
149035
97215
168369
33845
198810
103187
22446
129580
153786
151438
122603
110536
49038
43169
110669
155508
50160
63071
182669
34412
140321
117247
109973
57033
139877
5601
174334
178016
192975
157609
155754
159293
79787
147317
128255
98271
34483
194277
54068
80903
163450
191703
192777
158089
127534
131635
44260
35664
21283
194727
860
2604
148612
133124
186399
139758
70550
88097
4768
38513
91466
59037
118115
180293
184852
100199
48551
150800
174429
67504
59565
70263
180997
131689
5748
94384
157466
153298
101498
89514
30009
161040
48017
4637
25670
46031
70498
83973
170440
118558
85460
108855
127451
136361
137021
104580
35655
164111
34519
43182
145522
8508
10448
31846
25569
138145
73086
168988
180675
67864
139199
185529
24964
199160
6768
92793
187426
193620
152099
18849
152144
77353
153230
66829
60198
131065
49618
160860
147137
100623
152452
59948
36906
14728
144816
121876
76957
14321
158383
25858
22020
73979
135296
4216
62848
133260
137365
42780
14780
85258
189365
166205
71523
191868
90328
183421
176731
25563
95014
5780
23424
146135
112195
71911
165520
184181
172193
14386
194107
22682
107506
100651
148058
48689
111536
32882
110316
114361
44352
102446
95773
41484
114757
167725
127605
101389
23609
153728
187935
120592
134466
187123
39126
198884
147290
186160
144369
93951
34823
9300
15803
183545
65540
103393
96138
106167
118724
47908
99932
161365
79705
141682
135345
84865
137779
197148
38315
2457
36764
78627
185675
51474
173817
167779
9807
184764
163670
52986
44225
48080
158940
76035
138871
140149
195763
9658
134563
124618
27882
99565
99660
103892
1810
165607
188543
170000
95109
19811
176897
125248
60040
47833
71544
86076
41169
174648
183472
126063
33573
114788
30113
27971
4306
96418
167500
129542
136507
110945
171041
148197
96215
196940
58006
132122
187483
172946
145441
89951
150502
195419
170094
102862
191494
118910
129272
78969
149463
30232
150377
41451
188980
84019
38824
87398
169102
11631
64670
155362
140093
30529
109032
52815
33762
61788
173520
41806
40706
11120
56386
119684
195693
90636
176417
147565
131284
153472
66687
73358
74620
161602
182250
59656
195181
42816
66939
148205
158219
125685
56178
191615
121995
98700
79528
78138
194963
179632
24307
156424
159827
118364
58876
145118
43845
174195
197259
90414
67159
199030
57038
73450
54226
44760
154877
159242
31197
1912
94194
57557
25397
82742
114023
188471
8175
158998
35815
92983
88406
106650
147164
196876
142943
69619
182545
178059
17768
179362
46004
179481
159857
134781
22167
68736
43062
181613
130826
173552
53562
140777
184445
27891
147418
164640
17401
183359
197817
28250
110873
71597
48853
174414
81282
60873
180457
81839
49251
77471
79674
76664
84527
96256
119768
14459
179926
148624
116748
22313
7306
38876
170335
22511
35355
135658
48594
128565
117828
121808
74809
19306
93744
182611
29174
197520
24703
67101
83741
36194
77941
117425
84070
177275
154969
117194
182254
67173
26967
50457
168618
15212
125656
107125
155883
110562
136516
28905
180509
118700
114077
199495
139150
120724
137904
73356
34982
106899
117946
189934
92375
174351
107600
166259
13597
50056
124630
129986
94672
169698
50753
74389
90242
41883
103327
15610
35357
194177
185676
150544
139104
103421
172664
47676
81053
125728
17282
170884
75648
138068
72719
192095
377
40117
170049
178779
119902
137937
138246
61664
31296
123228
6799
109317
145769
127663
33688
180936
11649
20315
59125
60689
198891
106514
23350
52107
177038
52627
100966
35294
78355
163503
136961
70564
61008
197811
184105
162208
172031
26437
51899
81218
198255
183010
188349
49872
57759
60283
7859
25370
76325
17060
174539
32618
139428
71267
77648
83564
73298
26778
169684
113159
11872
18200
94364
77784
61011
166752
153031
78802
109657
93131
181042
84003
75911
110162
168343
98084
133048
62229
76245
136756
95166
163202
187164
70782
123368
190832
133498
173195
44117
158932
109109
156644
140976
121516
135532
63464
39272
126757
101366
89138
2863
147660
54736
149519
30045
95553
155537
162453
82199
66535
158565
148534
70728
93622
40503
154805
16947
90002
43946
50379
104779
156059
89977
177799
41976
173650
89130
124576
113108
93324
71035
112072
54256
120333
102762
177052
69742
147590
61131
51970
63728
74769
78152
54448
86860
135387
120649
197089
75351
185066
13289
167319
94763
30199
11058
77677
123985
158556
163019
92105
121792
29804
45930
85034
199199
125541
36673
41033
59379
153522
91538
41942
152358
100469
42861
169065
15467
17947
37246
123413
179960
189162
173494
153565
130651
112694
179288
61878
58161
75932
179611
126462
166801
15793
123177
152963
134831
126650
29553
185906
52235
1603
51540
7649
54606
130237
45753
103279
113396
181273
121696
23629
123093
43833
129860
21368
59950
185262
51292
20799
97492
67332
162426
151068
191860
46918
21515
181722
98392
181984
115579
96282
167418
81481
3094
39862
154292
49044
179757
183930
42024
29362
152966
198370
132498
50385
103789
89077
174408
196852
52366
54483
10417
187515
71773
188474
68448
102373
38601
7603
16160
125749
83067
22405
10447
100318
22462
134805
109992
30473
148868
111529
59235
140768
137091
75505
1807
53284
163561
3041
125839
13724
41353
21276
154458
50756
26776
42979
107048
12392
117230
89850
129019
74544
110299
43391
128204
186410
150098
15169
13283
35685
136879
37863
27361
185192
49860
30553
172472
138751
155392
168874
72135
47017
162094
58123
69392
171875
10998
168463
92581
79397
99740
10665
188692
20333
177728
106935
32878
167248
50671
155311
183499
85251
178038
80747
32917
72545
48644
37073
154757
130789
98258
109244
58998
172098
41322
58288
114520
169935
103002
6116
149157
125646
171082
75472
166026
107657
20519
29816
87166
182037
153810
125710
164313
67243
19996
3457
45273
37278
160313
133601
44209
924
30742
104511
119186
72466
56188
136677
25829
134038
133647
198133
161165
51153
40115
45303
109230
17158
19946
193939
31927
104679
159985
22783
152627
97384
130246
55547
112024
135288
3468
160781
197804
100800
40667
179427
156425
60242
65499
162048
134444
104211
54122
195759
110315
98966
108924
5042
192623
151190
129862
155322
123015
34452
6430
188361
39533
150949
18951
27922
116705
180992
27314
116692
47659
86386
62281
91435
176942
98314
129060
184694
46383
163077
133496
70377
16625
160066
192013
25784
97120
91954
42083
182996
77758
153045
16662
155320
141990
46566
170635
2762
56680
68990
135025
82967
193141
154212
60273
178026
140245
106569
39621
135892
49268
83807
60813
192351
95923
181452
31463
172609
111107
5074
34476
72569
66778
174642
3663
182041
153267
181550
91142
175042
19492
38974
148196
150124
194055
80345
195479
160080
79294
44360
71479
57997
165243
97328
27758
70776
196404
31157
153983
150276
128658
178975
23228
10333
55394
68831
35484
78876
94853
97090
105888
36172
112676
117147
187493
49135
47708
191417
179596
33515
91813
106707
51781
88872
10886
177
151703
15268
187867
100275
78935
118083
99714
157139
36592
134980
164423
38904
64466
53711
82792
156267
106099
197138
98756
29143
113247
68398
144971
81288
4936
34700
31854
150501
155896
104691
181817
72392
140190
163992
99774
83264
97863
100609
177725
15186
164420
93632
111711
132747
30625
16135
183806
190676
46983
72922
40198
58226
38740
198422
125478
140993
196216
142287
11887
20293
196871
121899
116042
60243
122586
197754
140187
63108
36270
38455
2158
36792
120318
151555
77843
92078
88875
164402
147827
113292
163922
103540
34671
181098
114981
4644
