56246
101627
169945
198520
185539
131800
166653
110097
185932
30116
115345
121867
143639
150014
113152
193703
100314
71176
123382
58630
177774
2772
30097
79124
182754
56710
22982
113236
52629
476
118834
192090
188567
185453
163601
95301
30810
182209
120242
10172
28802
34538
72022
145728
177958
64771
115499
66022
175433
13580
143982
137288
68705
19012
38042
158259
88293
81257
129678
60298
34020
176069
65187
74874
84863
26697
6386
161734
21476
28063
127537
158845
178433
36231
186064
96793
4199
187390
195318
20753
9918
64602
29561
105763
140831
169660
112725
128078
104812
115136
172252
110240
135854
161707
113176
148622
182476
35767
11985
78407
159495
59894
153750
126395
93980
187748
16132
136960
146605
196013
126568
95485
89442
198623
19237
100493
192006
45141
173939
95678
133330
170482
128497
79646
4153
62905
144784
163816
171038
149826
103246
2099
66918
33793
26505
11505
96127
26930
119228
70471
503
146166
72522
189340
175634
22292
136707
74958
196901
157557
151508
27170
46637
190211
36158
8068
11986
60726
95438
198178
68008
122511
77406
144289
41112
98317
188225
156519
74754
117505
129754
68354
62632
151131
143389
123606
147306
82404
94457
180611
2238
23241
145604
49473
37340
28868
163387
176389
19310
168275
73695
168687
9911
126501
99248
31838
15943
177617
94618
36322
96038
69220
182846
69914
192422
89526
21107
145738
15346
65871
104754
141629
67068
45426
1363
28316
49458
10437
115462
14101
28487
197186
51993
70318
169547
55918
163471
115198
64983
167307
30326
93609
121189
178884
33627
119667
50875
150740
148945
90855
117746
164661
72468
145689
198527
191643
55733
29057
98305
61327
1834
41750
186817
26045
110865
82859
111901
141894
173203
115331
78411
15864
132759
36884
65078
167793
80477
38376
93665
145320
75379
87396
26638
151109
82410
76791
98770
108797
12516
53391
27225
87384
51721
8497
87691
20989
52269
26091
7495
169262
160580
83281
137692
24968
186299
119035
96734
111023
141200
17408
48024
40943
182879
8415
67538
10622
187492
45378
134970
78713
27194
11237
43083
186639
12146
9860
106390
144685
85424
60943
36242
77772
33887
160988
146169
41139
135941
1483
88820
156550
178383
187942
37066
62371
192009
80975
76024
182006
44213
109792
148100
157624
4173
119520
73097
197441
96359
173751
20610
79566
168061
151902
182471
35020
14272
140989
142178
85991
88022
167969
194433
49266
190878
16501
69434
145010
29771
137686
93530
48573
159256
86223
75838
186183
133748
195770
114982
119826
111128
39753
101016
194344
128075
3801
16861
13264
52182
79180
119919
179710
181682
188123
19213
101532
992
150090
57964
131013
57517
174413
195525
110503
61175
63426
115558
107088
30408
114249
60412
133347
24639
24857
156357
127028
63599
137291
91802
70126
43561
120785
20890
47750
132937
126418
91494
188489
5918
189684
54649
130115
135746
79834
101883
128984
104906
85556
101510
123681
105870
166633
154658
197264
91166
134259
113811
174940
5589
33256
175738
6642
14688
199607
176782
115151
176656
128478
109608
90655
53922
50085
10726
73966
21823
11755
31053
79648
162167
26449
179735
157350
24236
126111
173011
57325
65378
67405
171316
112784
8261
137136
21578
18498
148785
9785
135324
2545
99937
194538
197622
80913
20205
194912
107694
149521
10579
104156
159076
196135
193178
39967
72917
125679
124158
148051
135119
17162
129593
158659
146959
85059
64308
176746
56683
148580
67821
188424
70407
2945
130507
100402
186314
41173
183000
169709
68252
156039
3638
7419
132168
43591
172268
98359
145438
136377
177698
137549
2677
167470
5498
57902
158718
32012
123782
171058
177499
86451
97785
110352
114064
184862
165673
61733
39086
104851
68042
28718
126695
129660
127353
135061
14954
24708
5696
194778
85245
59712
86995
23195
3316
69654
17865
25025
170845
173160
10525
58282
177090
2648
79945
99575
71033
42467
136249
33485
142176
72502
95581
160742
156594
93209
74567
8102
58792
150920
128016
199335
189047
185528
153798
134823
85447
135716
133454
121093
91483
92386
133041
103108
165403
175421
37175
126993
29925
46780
17963
128485
41840
9112
99904
194926
159296
49863
35127
104978
8655
128977
73342
120338
164491
124005
170868
105011
55221
125619
98796
4179
74231
51900
10070
36843
143424
7656
104950
10560
155776
125747
152288
32083
171300
89454
196602
73792
73858
7729
184372
136668
173791
195782
166436
20764
110726
177520
89256
173483
18851
94213
61606
129533
133495
24741
29689
196966
76806
64257
21385
7892
147545
186576
39297
124938
84161
157587
82591
87091
47896
117647
192641
60904
106496
173865
27714
196514
94954
38483
161512
124838
16236
134520
135985
136544
101489
18391
142717
114971
174868
120115
77160
61301
113298
17576
123153
35354
143328
171883
99217
117139
187910
162276
68204
32434
70371
104899
112424
187750
17355
10659
7814
95315
190761
52495
50448
158333
69030
163421
76231
64688
149096
78050
106242
85065
89972
182428
58951
53129
8419
81635
54348
42368
165545
70018
168265
57471
124403
53635
67245
23880
154197
194848
131224
37887
102997
128483
126062
49257
113230
58738
34305
191082
34761
38230
84570
194900
95399
25324
58310
60570
100677
164270
52855
185228
36186
36121
197419
106018
74771
29745
125670
116430
39171
126981
137891
34262
165006
177460
133069
141576
65180
182183
40638
181819
7216
111986
24874
191346
151476
65808
159771
26704
163177
199356
179076
128220
177860
5291
99231
23571
186355
86159
215
194980
34150
102345
6744
189801
84077
147274
19631
192911
47219
12598
180793
147541
56504
121886
149839
53212
107171
100574
32579
28181
19249
114332
57801
37119
154981
17304
10011
180322
64449
67160
111343
85679
113906
144383
4363
183157
67380
193204
147305
133216
18988
188157
196126
153214
13942
62307
118881
51305
68098
8245
57342
85312
42196
134809
146864
122094
144323
9049
121622
155739
54140
119521
46651
137996
100887
79614
16752
37813
148494
50380
32708
178286
117885
13392
141240
32415
122249
105476
4304
18414
118746
36005
77538
174208
185063
25086
158572
85827
172053
58464
54591
88718
91057
72316
169936
148972
4036
52448
194072
176239
50116
150229
157472
103817
120960
30955
112648
69719
2886
119019
85184
58665
144206
185681
168301
171229
135671
88085
106254
136643
58552
107630
35006
34805
44621
116726
165522
142537
164338
136171
143172
113568
147385
44051
133526
147250
47980
50331
56633
159295
183670
156638
39719
80725
82902
72041
27115
179105
184833
48329
111961
44883
51332
145860
155400
179775
165568
107552
9211
157283
98000
58981
199174
157835
81791
104981
157677
127
36625
23847
70256
132026
135673
110585
31813
43516
19290
164146
156218
69888
176276
4840
21958
96732
179248
83166
35847
30114
31346
122913
97242
141969
178077
22351
105036
74606
157687
111442
42488
36177
66397
105478
160266
89232
199413
199074
160486
135337
41659
96202
196928
43991
86005
12120
63719
81179
87486
30168
45513
82656
113678
185719
190877
123420
39000
20232
49717
164007
38922
117582
125408
154018
86970
97052
1206
18243
32242
120989
18140
173585
35736
194965
78598
180178
7194
8887
65450
188677
102366
16526
44257
42411
125778
26196
60079
165490
39913
65757
196810
156967
165888
93081
170935
164584
168037
142431
159421
199020
1998
40433
70464
101875
71114
101053
109218
93432
96753
96651
7744
1735
135222
13801
46334
127023
79591
175547
145491
36215
182073
133125
141306
162325
115229
121585
75801
193305
5644
62590
100141
108355
29513
39853
115045
57488
123730
147355
10798
160348
60157
85952
90220
33051
155782
38789
133794
3606
101944
12635
92248
24747
161964
149037
147612
132202
17646
146979
102389
144249
173544
123632
58601
86564
180088
78923
56427
126189
129266
176934
73706
59911
160506
22287
100368
18638
152392
168105
1583
116594
156969
45249
179415
140857
53424
95879
102249
109069
14025
52222
62616
82041
128636
134510
107818
20549
2535
113808
31642
176710
28115
137601
164076
61045
31205
175927
55051
126668
3057
73063
72356
50171
113339
129722
171633
84175
148069
113373
25776
67179
92260
140644
159159
100772
120529
113951
118273
84444
65626
150566
23141
140336
94837
98668
121700
139763
141215
174031
18362
139789
28083
40487
36082
48428
104854
179681
164542
25823
33370
90028
135987
144783
101954
46618
56103
193727
181211
171665
85037
36830
134275
193785
122162
147404
153783
1721
6888
22360
169399
159364
87864
76696
198546
168531
180473
105717
132905
19026
56225
135889
94642
35790
87076
25515
123287
119596
47341
56531
99557
87099
166049
162380
118271
115508
70260
5663
24675
75382
7159
125817
185309
42569
93321
121954
43436
39307
153505
112391
130178
180390
44724
36290
122786
47471
91806
196487
72480
113920
111500
44660
56975
109401
31550
66151
12663
110343
163583
114522
10384
168023
69607
99703
163632
6794
44235
87924
6839
49430
24666
30694
34495
4261
74098
163066
45677
45283
41649
37743
1154
6565
83677
2857
21570
105360
104024
38121
127870
51427
828
69000
104187
103113
155641
94032
140640
155396
137855
65790
13207
54152
141365
64263
33677
68040
77520
81979
44143
108568
100123
17092
90204
32427
37396
171840
122695
15051
104999
166657
139597
21784
8753
187643
21954
154323
56756
82407
22220
72708
51269
172556
119142
149343
90804
166256
142174
159923
167690
35759
181367
4264
187975
81213
103667
96541
190675
177209
50151
94676
77992
93430
34121
190262
193885
21233
99863
84647
61433
66467
109540
55586
125978
171278
17325
148167
49526
4229
180841
158597
89107
96805
194141
41533
96538
130836
61422
131523
194719
146450
132229
32156
156329
132334
176739
53515
83579
173186
24987
174465
115977
67812
52748
138716
90177
140490
29886
65736
23457
197863
105889
30380
2548
21126
197145
78681
2613
6641
123213
165156
63773
192046
48228
50950
128126
164649
83050
61759
120218
195523
12075
130700
147733
168968
105495
136747
199232
153129
74213
19502
50778
22718
101032
83396
69576
16007
55997
27622
107811
105754
7252
51906
100424
151365
181623
48968
1843
56407
176465
66379
144040
141991
65860
57863
95789
75942
111083
110189
150564
32865
68092
4441
161
128815
97612
79296
186321
92200
144372
5861
98794
147688
113905
190715
65338
57160
8463
88221
120140
13514
84733
145285
124893
191133
136899
95968
43815
71101
39228
87622
50982
50389
189457
148770
89892
162173
35261
158706
17819
26861
114628
141607
103457
60417
50619
106029
44904
16757
72728
1775
28673
199638
15853
75435
141808
121009
71753
148549
97541
132730
182767
137377
69777
22917
187451
2479
134147
120966
5827
72372
17789
187354
7693
105151
107885
142947
83135
159471
59174
132597
98384
80861
166334
45230
9603
24388
13477
37124
103905
150241
29545
179207
177613
26623
165593
34266
11628
131844
77668
43823
57148
58891
39093
145456
71872
183232
56200
153657
105082
10046
90555
13878
142210
54668
135554
121965
21142
51500
163770
58056
17237
35150
129438
18685
6287
197674
111159
68307
84281
119786
168679
36511
130374
113081
55172
39998
168640
53499
66520
165180
135456
192790
65772
25272
2275
99980
102671
104272
90443
45668
105654
114975
70031
155274
69837
58593
181378
148417
112862
28132
26127
167144
157742
162766
104203
145984
76919
111716
199244
125941
49072
121631
14834
18530
131038
16933
42507
120016
95356
154317
107836
156750
20373
43247
42911
135683
45853
187420
197014
129666
75566
177581
44075
42506
23281
148901
120249
16247
85092
2888
195648
182900
69573
70734
69861
81518
55775
11777
66525
24065
91077
8820
199285
10850
64881
198798
83376
68425
69124
69531
152015
131490
8204
168380
26690
195664
41123
150714
56886
116260
183942
106941
38608
94840
12570
67734
78743
77098
176297
2228
92361
51648
43028
78273
35877
44240
176996
44048
54135
66997
120174
77063
77988
17291
72410
48993
30524
4745
3470
116610
187330
166911
5106
87189
187144
127288
154237
156234
158125
165189
4130
27167
38993
143257
18888
187076
66863
144577
198624
77586
88379
162332
18155
176850
80617
13842
517
142789
197433
17619
177006
29909
133076
162128
40495
10015
103027
76021
29254
71920
5381
19694
180152
165838
9611
71518
138905
84855
196117
129253
169425
137892
110288
140359
20898
57877
66821
6106
190892
56685
165002
125097
187274
140955
68920
1120
115689
172870
161114
76334
97851
64620
60102
86321
136833
51798
186673
81714
172205
16811
93168
36862
79488
21443
325
7636
109971
53928
115844
27955
137818
185381
6774
6182
113145
19593
192524
53447
130464
141745
119303
6457
182156
125308
90570
101369
48293
125326
168589
126586
170893
175217
151626
13410
49620
85652
54754
120490
21504
58166
151784
83076
99001
98511
84328
144384
178278
196401
197915
57947
179949
151604
185637
52260
174559
93252
40926
152187
109178
133480
140129
29531
64884
178250
57345
145490
132987
29679
161225
39123
9989
199711
53353
139155
26357
185201
77176
56144
54157
116797
89333
72224
5617
89978
61681
50807
100052
44344
164798
161155
115376
92680
75433
138612
117008
64961
110845
77044
19414
58486
72139
175380
29475
45589
42707
82287
147124
110002
89642
101268
177010
60080
123268
165199
181929
21021
52788
176919
174997
136674
189257
68597
166246
140136
55964
55242
164173
104229
189567
135927
129172
74183
33840
42082
72765
159205
62619
122694
78001
44840
31794
139719
196996
73430
170950
93148
111033
188403
121160
56209
159664
182264
180859
56865
81660
175449
157273
17820
188198
9025
904
33959
133643
116453
172989
156321
195445
53009
197324
51664
69458
176134
117501
66482
104488
188082
122068
116613
164513
43507
185457
49740
175192
154701
88428
114463
152383
9007
172623
8494
137302
108108
80001
122793
158577
8707
127833
86799
92179
191789
67096
19602
927
176387
145327
168942
60129
78890
72331
49981
91357
1182
160684
77139
150687
14720
16101
79937
44778
35751
149180
51316
185887
180214
109821
5492
146661
93637
27158
44486
127654
60147
75308
36720
2755
164323
161413
48417
24156
147147
141464
80620
172523
74730
18596
185015
163475
124446
102684
17928
80268
6732
119336
180604
199953
142677
141179
177776
178155
80266
7552
69807
158803
124211
127234
45354
86562
103466
25440
199169
127790
116608
34720
89358
124661
114790
178488
23911
170231
19911
51543
156893
173553
18909
186330
91086
199440
105507
69341
40215
150111
72790
103028
84080
190363
56926
196258
172196
61637
103950
139762
25528
132883
126506
186189
46838
175928
57951
47445
40453
169643
44348
99393
43494
149041
123095
16425
55177
26132
185144
188664
188265
35030
193505
99627
184635
63511
93672
180835
135086
157738
191977
133999
143332
154101
182508
47668
96358
187216
114746
191830
42860
118376
81034
161996
149270
64385
95262
161106
138977
193894
40468
148654
24605
90783
21194
5658
154936
87194
198813
56713
101153
155800
178739
173698
102131
105598
85321
140965
173056
159063
38645
190047
18536
50181
138370
122230
183833
109277
171197
184899
88579
5558
44870
79404
29405
188287
161755
20401
148175
142631
39928
134169
106303
93523
156257
186324
45086
187460
978
66365
136701
101255
69863
85887
91006
63655
67750
94773
156684
23974
170807
73997
75462
122711
142641
182279
69518
143395
115178
118057
100327
87204
10713
50627
83345
121869
23080
102294
17698
187695
30248
77535
183491
77383
69957
92903
36658
11471
72851
166150
132582
176952
40812
141998
161482
41210
25583
20960
40564
86835
192102
149937
105262
178694
155090
160067
148247
82650
68548
102496
180498
168233
164105
153696
145323
105512
69862
91088
62495
6912
157699
18377
17616
172892
25518
195804
56750
188201
16956
103653
147096
93084
179511
136667
69502
62222
6435
66024
11547
87690
138585
130440
333
144716
107982
135842
113819
197265
108336
41969
65713
50402
100470
169652
186884
50601
122787
126689
113733
168673
117246
44333
198548
165037
36089
19612
66899
153354
92116
163468
51984
71007
33698
82545
39260
153118
153714
109095
39236
21611
87747
7997
11987
141856
50894
9736
89374
16655
198371
14217
117820
120328
163748
90685
108127
186150
183442
108404
127612
28335
97533
115343
113287
60916
10670
50992
94605
64935
21967
113599
121789
83145
18248
31329
132143
2397
141198
84616
158264
193783
180693
119574
149636
180475
106861
21924
180485
121482
126768
47278
186977
21178
143563
65742
120613
189339
2791
178641
74704
169431
109452
2898
27251
38074
32182
128748
23601
30034
49392
108243
111459
195290
104482
123462
70036
71935
184881
198322
25781
3965
150624
147434
185050
8982
87971
124120
186312
154698
141862
95037
32375
50533
82458
123935
190002
188895
104173
28926
140718
150938
131425
29398
147990
118718
94933
133842
52210
150433
13256
88178
196938
154840
132830
20854
172747
84334
166668
141046
134393
99983
80561
131843
154778
95406
43386
103111
69865
51043
82046
175753
58117
169284
98422
125337
84464
107896
20168
132022
116576
120018
168416
9437
180635
11276
83798
171245
177445
169965
73844
94008
71249
104781
136102
170719
113687
4981
29632
121280
2867
134636
182522
196944
115279
57442
61456
85370
84809
12124
99014
125397
45006
176452
190040
130461
57338
33142
120061
73984
13219
166731
39520
33608
6086
75217
181531
171000
5679
21793
192160
65964
26799
24244
173925
173885
135363
101578
199358
8555
163910
195615
91446
56234
197979
54935
52322
29802
67582
41978
166243
167584
43383
187333
177131
150470
136099
27312
176702
122549
95327
154312
85897
79365
183131
171018
9288
59198
177153
37187
88368
31238
41981
110243
52937
133393
151152
25472
131697
9484
165176
161302
7642
10394
30703
125495
34211
196256
62169
121715
160230
63196
65959
135934
69026
14888
188548
58523
192456
110567
128789
36590
159708
166113
80297
70238
25387
56838
99526
86707
195062
50051
139246
29673
29027
95387
129356
125834
102028
67353
10140
93663
52552
146875
143980
55175
111422
115398
105234
34885
150591
159179
143054
65121
131281
174654
4494
128270
197400
99639
118079
82554
111630
63693
129250
168234
158095
89731
28243
180261
74671
158289
148964
145885
39053
94299
123734
88793
169373
79562
7163
194209
2693
52355
45431
4066
57523
125585
77592
196793
81820
56707
40687
18387
31203
135706
42392
106525
33900
194909
131837
38995
82564
186065
156219
190793
40188
88554
31947
128943
145226
39818
700
160640
72039
122176
13368
125290
79448
105376
12215
3714
104052
120767
14974
75361
85844
169114
104506
195985
113980
172453
82092
44236
13462
189069
66061
102031
1305
146216
145278
103962
92289
18964
147966
114062
82767
35253
28492
124866
183390
137611
103184
160325
59306
153693
143090
143686
63012
136500
109826
181154
48576
169675
81525
103874
97622
180277
18348
192108
63116
41483
73746
42781
70860
158819
67522
144665
71970
162661
77737
34252
48794
35622
162123
125117
110083
120401
173518
159327
192277
162984
68113
134569
116080
137552
197594
188546
9669
191562
12566
120723
102075
107816
84043
125099
151505
30345
31725
61239
55814
68728
124314
134830
28856
78528
21262
27317
112223
159432
183898
30961
120309
76769
144657
41790
86627
64846
34886
93307
23810
176274
46519
198327
145466
57862
10064
191495
134923
73562
98919
190404
138514
95213
186044
185689
46511
31606
86586
65793
35022
154583
27352
172024
71613
193034
185863
168194
5118
157809
29204
93005
178572
139715
34178
181521
45616
176172
150000
158994
79389
100604
65042
19000
156821
14769
65472
135766
84899
160708
152723
116415
112401
38129
178178
12362
166977
171480
42895
178951
123742
134384
47108
187925
42859
184781
71098
23671
10478
100213
150310
17875
69076
96807
68769
25032
4482
149212
156453
136816
148073
75603
165830
61198
195667
161385
26713
12827
122452
143126
174201
70881
87810
48374
32939
170511
75617
26735
68620
8662
86290
11549
195673
88062
112020
137679
4059
181899
115117
141889
160875
40560
137401
157162
32294
162202
181569
12856
144193
125781
137065
12081
51718
163758
173206
103670
138314
18651
48705
49018
113130
15883
18267
31358
69336
37052
306
34143
155212
2669
143314
170703
62400
152591
195245
110938
19349
17107
181780
30249
72725
74386
49279
17931
136976
65490
150989
21544
11259
73007
36484
71878
168437
138078
38693
86834
87148
64858
127635
33037
190328
199152
164235
32787
24066
43469
133741
155937
23970
193230
151985
116680
56126
136549
159874
7691
152329
64070
66544
172682
62025
145322
19175
130722
180327
25698
62691
87878
150237
76845
42660
128837
124510
178608
119897
141432
40409
26182
104210
73223
64305
41727
47651
135408
134279
147900
17667
73508
18510
148257
98834
71817
112447
149328
21118
198492
94606
70563
173595
56596
176203
72932
177838
43016
178588
124392
116679
150471
125081
123903
78314
37109
54809
32944
113549
47206
70368
28098
48587
131627
189575
5948
102766
195378
179088
131705
17545
111801
168067
27005
152958
61495
46657
195957
140474
6267
104171
31995
54291
153872
2998
63064
129155
178839
145667
42069
8711
145577
194989
47230
106438
171072
62698
97496
175814
14627
177867
143007
12180
58300
44047
69270
124372
176632
34962
177088
17770
83325
140135
133716
150678
58167
61473
30952
80946
93331
95908
46597
61073
32319
31973
90487
196929
73417
134967
372
107733
96330
88852
189209
18427
26579
161569
167811
139566
182410
196598
63029
107851
87404
152561
42206
151287
155495
182109
82267
166373
80169
95123
134646
168020
74286
20737
37544
129828
104162
38351
58104
74805
187083
80466
109080
183100
133343
171256
41648
4110
176398
17558
125158
95129
175857
146673
170608
158420
160432
22627
128634
29369
118868
47488
57124
17644
182683
3798
80956
129459
157961
81690
111392
23889
114299
123555
52482
197646
194281
60490
87833
72249
175029
171539
143700
107065
197860
164666
139560
129255
129635
159208
63528
112284
166068
191917
124836
157919
41281
119106
195970
23048
177290
3260
61142
164383
10641
19373
60679
109909
121818
198686
168556
23583
137590
29809
171345
121694
77629
10654
87432
166863
111521
142385
140541
195400
102683
61202
73714
115667
54691
79855
193896
6248
194543
28074
8144
80994
155338
136132
157172
164962
190216
176922
118539
127509
15802
185848
193017
46185
196957
108557
171771
147401
94109
31388
42451
28379
55772
32057
137622
145957
159646
160690
139261
124133
74340
181679
107466
113839
173145
48820
150058
14704
17762
9485
147760
70029
177198
193583
134409
63743
49100
80696
79886
148436
157530
158166
79759
36666
174321
40304
116046
68901
84607
18633
50863
171048
43271
78017
86111
92272
90708
39548
143858
112931
152334
111942
195669
164358
93931
16189
132169
21193
53519
168399
82802
179252
53392
23147
117543
89239
6181
31616
140146
113949
185594
178379
41725
56494
101485
183563
122057
29239
166437
190075
73116
29828
27261
40364
179104
20505
104026
109955
189168
181068
169204
65603
57300
156355
122560
107907
34132
171107
144748
100454
183479
119541
25763
138231
141865
178924
49141
151423
60847
78698
75073
113264
131572
29018
43935
41235
40106
84928
5378
103946
161982
1672
136557
107561
12603
5319
144493
113499
115751
187387
36103
48423
6805
127359
139946
192196
33867
195288
8248
7093
6686
66644
58125
38021
53785
80874
144052
65720
7635
137416
38003
157325
65571
39762
134426
176403
95574
164577
44469
166050
97888
121131
78610
90800
35414
161667
124009
168901
105165
71118
67157
66658
110096
195403
152155
18856
122709
136012
80555
196868
168508
104103
51412
194047
49353
72102
171923
42562
109889
13205
155947
84047
180959
22358
182282
48903
185717
48734
69737
199734
92967
4691
33678
154815
51013
98998
195597
97524
140487
121912
150412
52180
190134
142411
77453
37599
59050
71147
13448
43444
38266
108533
198319
99898
15478
8871
73975
117691
10487
159314
138035
184516
181002
89277
92254
193315
140848
2483
80382
13961
81469
86213
121809
176413
131963
158167
110633
192230
27520
107586
46668
62285
47059
149358
8366
174959
29356
183360
116507
177645
69548
152483
165773
188718
16087
98972
6344
13492
190662
183552
84480
104603
19985
106730
60177
55477
39308
63364
106988
80471
112214
141253
8101
94632
188685
30587
70849
123543
106279
138621
116226
87242
199347
48245
20494
55038
78446
88904
123649
50347
107292
172405
131481
160377
192675
1650
41044
115128
9414
186941
10001
182686
18896
122843
6610
17743
18501
187369
127364
94269
158443
114730
56985
9805
14348
6478
47656
47784
49332
180254
119643
88252
83832
110861
54891
85583
42128
79429
179998
92047
96931
75681
144086
105929
89406
38312
20634
7910
31069
136807
157825
155087
34406
129392
6804
18502
55502
143084
174656
65612
149437
118642
177444
53206
47524
144714
34102
144458
5327
109929
121719
40520
113411
54982
144443
161728
165234
55037
84961
48448
16348
46051
54813
103015
101514
154449
46395
97629
124044
165103
169192
37976
99021
149633
95424
14707
46608
62568
104360
137363
147756
167080
70981
139070
192585
145686
13307
32599
73284
155269
31184
149316
23075
54881
162852
98341
168757
71031
109829
197361
156960
54603
50293
166780
69237
17527
193135
178737
81654
93604
12092
191647
17508
193306
10201
78033
106299
148382
150897
59939
115626
172991
32777
145029
69096
11552
168731
95459
162939
142294
11903
60255
72950
133162
51859
102526
74438
51563
111248
83202
131001
72636
10728
166880
15911
57139
92214
110359
18051
138114
9612
186788
72722
162218
58481
89278
4934
39808
77569
111664
161240
109105
192757
43102
109427
62995
45382
43400
94855
180965
39815
124815
156408
85266
112870
82003
179503
14829
180578
123354
99813
9367
12909
105651
24092
48180
92091
193947
43453
26122
164225
73512
65444
8222
23420
68894
11870
179932
131520
110173
140950
167652
56603
163124
185657
85916
113186
61904
182880
175840
187242
192426
162757
168201
198506
76873
133914
65290
162413
24163
4428
155851
2470
128897
130509
57119
107853
104430
18252
127293
184712
151073
44845
33730
2932
47888
113578
151518
115964
57570
163232
89466
26937
75835
54622
133159
71886
174083
157884
53308
52102
81234
182801
182795
19939
169194
154825
38520
178206
76142
192919
12806
178977
166873
112418
40935
77686
140595
54396
22836
165492
77588
165944
189333
164910
109489
70459
26960
79776
153027
134878
58051
10793
140483
130201
95191
100695
182645
56219
44036
139902
74639
389
22348
15056
20541
52706
50123
77802
128607
195202
67939
120593
120670
178592
182276
173716
184628
12299
61081
149012
137572
33614
143721
12836
184212
57652
149152
120755
78666
178030
184878
194219
52398
125207
196250
141525
72662
79386
59550
112458
60011
123558
74399
24263
167305
64639
188944
19156
103733
134039
128556
84202
156264
82644
83612
56690
148803
116018
64191
117617
59562
121474
26989
26302
100933
2418
84360
36397
45988
81976
170199
155074
33937
30200
114680
106343
151048
183717
118118
17104
48272
40003
191817
100219
3396
73959
99505
29020
3250
26342
146759
81203
81287
17718
159869
34230
130883
94470
72415
108641
128581
72141
130693
121339
115297
95802
64689
35291
103453
29778
156253
160771
46928
66323
79764
20781
104341
156254
89909
19702
105132
192209
9814
171136
152770
159148
56779
110530
93759
117278
15806
161738
1720
23459
115443
109808
139288
82925
45983
111568
166446
197304
159585
76609
18109
195469
188542
10311
84141
92303
53769
126951
43319
182
108744
169201
22135
78307
31777
172489
36605
101572
37736
22180
157136
189317
152610
56753
123928
183432
110057
187383
195470
49711
38258
192989
118287
89265
61492
49992
20097
100374
120196
12109
193808
164726
180119
46305
124400
36866
149252
45413
177021
16352
103467
65393
27685
45115
195835
184479
101069
74033
146031
194490
107372
70105
126579
120459
68410
96567
103504
32978
83914
171604
93160
189016
64524
137455
16025
78441
63197
5355
35233
95586
157535
162017
75069
87657
82050
41142
180653
120417
132793
71486
33420
178259
194603
74881
76246
23860
48371
190742
108631
64373
12734
52531
118645
1143
13524
62704
145563
99112
182714
76777
65892
144098
153234
158725
113455
153950
85684
144843
66627
169363
14087
67116
72029
9285
61159
99805
112723
195425
107442
99752
144612
28659
126692
31799
52711
14943
2032
64731
195892
55842
107289
107248
153009
23313
122941
22475
147229
12696
82741
196679
27183
99935
109906
15749
155979
42915
42009
83474
25659
194273
158742
155086
144365
3914
174910
130808
1247
36169
11565
102667
196229
110491
190880
29329
100769
73507
42516
136016
187561
47381
83742
18445
33029
184068
194460
100515
171792
62295
89188
68475
170271
78639
179703
42153
40056
117787
164273
1433
28768
67953
157494
189316
134668
150005
49161
32682
158795
84496
119345
70262
23017
18215
51674
109043
5367
20980
190861
159719
26906
73516
160074
5847
184049
112811
197233
25645
80719
65591
36698
100527
74336
143843
108772
132351
38167
101607
32597
122835
113872
176571
109530
127174
22716
10862
21816
42210
61820
69
91705
57115
33588
69164
170403
113132
104996
89563
79536
38604
199315
189448
198598
132794
131282
143835
79114
50766
163401
153690
154019
133940
336
147020
155188
127568
150749
192645
75427
103261
55965
117009
177972
39790
36227
55946
68124
34176
29044
99247
78651
194016
154281
71301
72806
126625
142591
119864
144447
110388
15666
178778
149758
84949
27340
17389
109601
178783
21222
179440
130288
168007
94791
160876
41960
63942
45052
44844
8519
7360
29051
31472
193927
68322
42786
138218
40430
75985
111402
94453
39601
127146
155803
66156
37218
152049
144671
199984
189950
110586
102687
157306
198091
128276
134549
9874
188478
178639
122520
64471
86142
76203
167299
2118
57633
185113
63685
82998
82460
150936
70608
1478
99487
18311
180512
180814
100774
178910
34750
101863
38137
144980
96198
105110
44585
124581
91133
29229
102516
183945
9971
174422
137060
75067
164586
133278
193406
24017
73831
38806
27705
151757
156430
93007
55467
85397
166333
164328
44569
88628
36942
191203
110366
74152
124583
157614
27928
68420
141114
147915
139673
110996
19494
185635
85375
105499
158103
105048
159583
140686
105985
55896
27676
142698
139369
122456
60802
86420
68683
170088
1268
47263
28051
84826
78338
178290
150560
53421
198023
155541
157117
73245
124787
84750
140767
170212
105347
1058
9082
133072
178876
94354
24538
139744
89397
197844
72982
155772
45238
15209
123654
87767
5645
83022
80099
77589
73476
94793
135482
167750
125721
90114
150487
151363
12615
57550
85333
142249
123620
5840
54491
83642
85280
14133
156243
133193
11916
103484
166031
79089
13772
194303
143906
93885
104824
19575
73537
71112
151824
55707
198413
75084
141484
193093
168423
37239
37269
15912
182565
97409
187187
131167
59480
118505
1889
38514
8496
78622
73426
45292
67969
160734
59155
58640
30127
160371
118624
9656
113447
66342
198256
194266
117709
169308
156999
120562
54040
28273
161997
5468
9000
156126
66014
97011
22764
69271
52391
3254
113089
49885
18338
29184
26727
164424
85121
97825
38323
70042
69634
138007
123738
96385
67472
144413
116181
180098
106311
53723
24806
148802
125863
67963
152976
82178
68422
126786
141452
46851
188717
135772
190846
76506
182654
60942
51392
19044
45203
55440
4868
149611
69418
198089
67165
127449
76921
170829
55450
174588
161468
127747
127541
158273
194361
51073
40527
147056
28229
191942
96231
101698
164942
140728
161963
125076
37738
70236
32000
125607
57394
4356
151203
77352
72514
99817
52082
19763
70695
95708
142148
6765
70218
123456
181857
54463
144302
93449
154978
98429
79350
153479
36593
152242
40428
99446
184218
149747
60958
37312
162260
12289
155297
147514
62090
180034
168264
172988
145351
189027
43457
199889
135790
83868
110420
80178
34768
196840
99188
52097
95665
178692
171558
97222
74594
1453
41206
84924
44021
123590
61356
159751
195807
18175
155628
95524
49078
123674
98058
146172
176930
117442
118550
17406
89346
117705
150242
143653
114370
53529
139678
149401
24745
44244
187000
116356
92765
5986
24496
165363
23582
69966
114970
8104
73099
135097
95972
43255
50235
181533
81605
55544
48906
56121
110526
22044
100407
38490
122483
151015
24518
75080
130152
86589
84802
63227
1246
179638
140337
51196
83891
91366
47043
11535
120184
83009
123548
95178
59704
144477
195437
69655
179048
72159
29704
157480
70069
46542
170612
176787
66783
128629
26180
128345
23328
7786
191148
130934
68031
28150
158629
1544
46725
92232
6026
169570
67086
50445
47416
71841
22803
122126
98085
159463
171257
10760
36554
109159
85599
69984
70321
3573
120253
10024
146219
116136
153302
50901
55819
181195
175045
114102
188152
52362
28215
35816
174285
6051
4749
149040
160264
68802
44736
25744
175801
143339
80887
11787
173508
196163
55449
132203
157848
191318
195491
118423
117248
29333
19112
187714
67550
16449
29587
184252
13732
86315
151066
131041
26024
5947
76384
28432
97553
84006
53590
174357
129058
186440
38393
93017
8259
180218
126767
88570
184896
71422
72052
56251
170828
170730
178707
46472
105982
88365
123189
166643
121776
101077
49728
191570
77754
48087
23858
101921
17524
16448
157720
44864
123962
146769
121092
121126
57398
182707
13535
79285
37025
68700
147328
112536
90849
192192
129506
30352
84688
150455
80
194158
119133
116121
47774
9838
75599
167415
195006
108232
155366
142549
138401
83364
47383
169956
28568
179073
175617
157213
150212
189403
78100
140307
54896
28531
120759
95385
96414
164503
85147
104260
47149
84597
91945
125068
12337
154824
94451
114935
121224
30363
196120
177764
16793
720
133770
25769
147323
10872
58229
114277
135406
34127
5845
85826
45436
57777
155823
28010
69643
156262
48534
65998
185277
97983
169128
75042
157657
41316
153976
40477
51075
138328
82639
148943
11047
61514
7272
178023
24093
80095
191330
194401
76632
2880
119226
19888
8825
962
92056
118931
194432
51545
115892
21251
185403
45491
126411
20562
41822
33131
186806
6781
31844
56715
53191
192887
130973
173981
88621
116660
142897
37486
138014
146793
13341
19978
145166
170457
90596
25194
34362
117544
1062
109835
2359
76202
168266
132499
66101
115007
71903
62653
96844
166074
164731
109683
186893
30697
68387
77
58139
95368
153319
3179
185556
149341
65185
72946
176044
6752
111594
133971
64346
160946
6578
47410
5724
185452
198807
71271
614
174630
160467
166352
82004
72050
58671
23977
162827
38726
25459
110572
14917
30914
192480
135793
95223
83042
136467
61389
58023
7110
162918
111802
163254
193985
33616
126703
59416
61363
128743
164548
14108
82338
68190
182071
187319
30195
37697
35561
189081
188048
134588
23288
173506
163935
110849
132862
74865
115605
25044
70223
106796
10967
107737
152197
132400
48494
42606
178998
5545
127178
4390
169078
110878
93620
38591
127714
39841
165361
46498
133079
192101
124821
167366
105472
33401
9973
103947
158871
10161
31637
198970
107
105634
20967
140514
184783
33623
136697
193387
164530
26521
61458
68710
69992
129812
5342
103870
65118
170537
127741
133332
111758
122484
97946
47066
150035
7326
100799
170284
159987
128231
7829
98273
36550
179306
125236
50752
194162
142721
103358
133827
98923
193942
80251
14296
193915
26794
181740
128892
110426
32869
36187
166425
80246
43452
24785
141566
25212
26447
184485
54633
116143
7921
174055
73133
164464
105121
60982
26048
70923
195514
159473
93244
124023
171120
131726
64309
86879
96126
170672
159901
138312
87293
77235
58525
160539
129824
68907
106332
118563
24610
7621
106088
21937
124759
46537
119037
39931
30917
116074
131249
85305
183709
180400
139227
133386
161607
133743
171627
185768
37230
12142
192598
193312
168027
78288
138918
85499
145150
175665
97005
113605
24524
101815
102085
55992
7918
162222
101312
64071
156350
163872
162421
123143
170060
98263
105014
153635
39180
194836
63632
53953
179789
119961
72130
17272
29522
128822
95462
37608
88947
68536
142103
91724
18632
1825
46600
195777
188427
152884
62133
177806
161048
160736
123346
99156
146504
160934
127440
112592
55832
7937
30765
53682
97563
73776
127543
6734
94989
87035
64800
24322
112652
180258
171224
66490
75590
91024
184149
83687
101450
92690
150559
43350
75729
114622
19749
31888
51716
45178
187233
174253
75082
81789
44658
159201
17533
178654
129485
108281
17380
89243
4643
41140
43937
73449
164709
34440
126242
109692
33877
148670
119335
47999
89169
83994
199070
55913
5520
67709
71624
138959
14695
150819
141152
88414
38536
13263
100946
57933
49311
134322
63711
138557
46970
101185
157402
55457
135863
196988
96698
86032
59588
48005
87502
195349
58943
1729
148117
156225
108562
151025
20652
147479
79547
47126
70613
57352
10231
172582
16926
42705
52410
103321
73839
150621
65916
168604
102095
792
118709
12063
93995
124176
197783
88363
88313
160661
44349
164298
84442
57744
121249
7977
182171
122580
5177
67621
36323
73089
163278
193412
93986
129179
54088
140788
18732
147016
1957
59603
168338
175754
115565
44121
106595
8383
23202
60866
99739
193568
4274
75264
71447
25104
163831
122850
139302
122071
142398
67080
45761
132062
179552
91609
170166
96628
123007
52968
125174
168867
27886
194077
102610
121526
145268
178925
60282
65694
81853
31590
52566
166744
149213
158483
160392
125088
9429
144296
159863
159787
195048
105663
196949
195528
154656
147897
110619
35274
2050
15870
179155
144709
9323
195483
530
145882
109635
50864
122502
133232
108426
97129
98703
122263
68560
71364
45865
83999
92867
108605
88419
107219
109222
67518
178496
3694
79682
157949
134398
197682
101198
171012
150198
169710
145831
144140
145432
103960
76465
141554
43278
22249
115420
34297
187463
122783
180298
160189
137262
56072
12160
197330
116939
64527
184529
54551
174410
170428
92925
199366
129132
65015
4028
92699
197632
78173
172151
141107
117879
165678
101055
109578
181828
173958
79720
120079
171253
129342
48788
3221
145735
141801
100794
83409
152695
164257
151266
42586
9526
114737
152544
37097
20851
57209
12539
56457
77684
32041
16432
192764
10266
2078
151502
168689
173284
167694
114129
180487
67677
173827
36958
130912
63731
120597
94409
177015
9244
188660
139051
192078
186374
185178
86870
25164
188851
78149
24704
98212
7338
117784
177531
14392
165922
110270
52100
190730
47566
22115
187264
131358
99361
85132
92293
137104
191681
26976
77403
79056
5554
2043
185708
76503
23957
61640
105271
123155
193234
102758
98112
195176
4598
109248
180150
175557
149584
55192
172228
120126
194283
73068
80755
120407
43500
42169
49736
11492
159655
115846
165598
136615
164041
87447
55260
36568
10301
70786
144486
122081
59136
60876
23841
153958
56237
127551
66040
42426
28283
118653
55400
37192
70101
82481
12864
102657
115535
456
34
157620
165788
166683
166343
112453
69585
154361
46691
71964
111813
134191
163094
14085
85171
86229
115396
120108
142157
38548
104462
105590
183127
86195
168725
54010
101156
44496
180286
28670
5103
1049
169929
89347
10715
1726
73786
161899
80828
106838
169659
132851
108459
182140
105750
48844
2326
36114
136498
139592
56423
76970
397
110798
111002
159231
84315
183640
96389
141297
163853
157012
157373
21185
136929
25475
17926
108682
158723
160778
168936
68992
22913
131998
189166
132384
107496
53796
46550
109960
199479
161443
121074
125718
30460
128799
151861
132948
112849
181094
11353
133443
50749
62592
22227
113897
93973
151919
110786
135209
19773
82045
57068
100872
83103
169247
137418
44419
69313
199780
169598
36433
99780
61435
108389
194255
83691
42581
28437
141578
122978
40848
105097
51559
126755
65732
116773
86481
5999
36491
16179
4376
50444
4456
151804
182523
102650
167113
172212
29944
199962
136025
64388
110981
154431
183819
88929
39546
19761
95132
157289
198990
19500
165984
61438
61087
173524
141929
81940
181437
10174
124521
153975
183860
152940
69696
154664
64911
53247
167489
34481
30260
45928
85050
166126
105718
190571
25210
135310
108288
102559
39485
9728
109483
193855
44099
165338
127940
52236
378
143920
91214
145946
104678
144799
89055
164747
185649
98706
12443
105526
28534
6532
113392
88805
117287
11776
51949
16002
8422
84446
22849
30642
147526
139794
158336
74428
165829
28585
97210
155806
161652
3605
151442
119230
183094
153277
102676
153259
88342
21562
101741
66858
71473
8760
43380
196426
8335
185139
165561
178469
79102
11165
132056
78719
194188
102787
124553
46084
110472
4788
161046
135268
150582
189763
17262
192305
161126
139685
75288
118579
72707
29642
62699
178385
59384
129087
86892
170004
51276
25001
21241
14249
92959
191906
15291
38386
116842
82397
39050
39905
6558
179842
183906
26474
115904
72782
73702
17611
49356
27768
93385
163710
128969
158018
136254
73424
2239
59003
83324
80437
139614
97632
23951
61689
192151
45764
98797
174635
126730
6109
163513
110167
141539
195333
192814
76443
64151
182818
59980
27807
29507
11699
155252
130837
163515
6915
189041
158800
90393
26204
61753
119518
154150
55791
170664
197744
99717
185411
66432
130350
194891
75155
10550
145921
49876
102478
29298
70836
108204
38272
151964
120748
36886
78448
127796
195585
64813
8423
30422
162076
64023
168782
122256
123950
118457
82009
20795
90869
116794
54258
18299
143436
66481
188935
174033
154542
18783
159145
55584
177709
132213
71400
6360
139516
98826
176295
146455
70932
149919
1032
75102
6454
89491
22927
45038
40946
99708
92462
79343
35470
134139
95517
147363
57909
68435
173241
37752
130401
147779
154504
36549
80935
154185
78212
118850
93042
196150
141994
126413
52166
183371
129839
49770
198356
22604
139055
44162
76766
165046
140319
17088
146971
73140
95190
133371
82442
34927
57149
102860
160886
152306
107659
194092
54374
180479
13787
81350
130071
103615
87962
184271
85506
171519
164587
182203
127251
53031
180401
148883
78573
37674
180688
44064
41955
106835
75912
131255
196470
41622
161389
170242
18630
176227
149524
86981
59910
153612
102571
60835
11403
85094
112917
184967
138505
197139
35911
128370
153069
153757
18315
142004
112881
121045
3450
199654
192909
88575
116087
185394
197281
137813
129152
101956
138429
69645
64418
52729
15262
148168
94293
69999
90318
59803
190725
156420
170251
66074
47769
140751
95022
76328
44078
157187
193584
73271
42199
97326
117092
7721
157638
192831
50633
100464
101516
154113
39909
26120
20949
85383
36500
70353
27482
161292
96057
61177
45254
32638
23971
158923
194461
55587
57797
177933
175836
57010
80058
90702
57155
63626
37042
154257
155485
37594
70730
130063
174751
1052
171370
184317
97865
68265
25258
126003
24427
12816
171598
161317
77254
158455
143612
8281
22147
130915
110457
181557
142755
93373
148876
194056
68576
71813
42870
40766
132397
18606
59481
16483
24997
78667
102180
39453
165171
14011
87258
47233
193911
176080
22559
114495
120209
102556
115906
122008
68933
132995
127593
113965
113639
72650
88320
184196
129109
31270
72955
137966
91456
30242
55166
34729
4069
182400
82424
26475
31692
80712
160204
39579
162601
74319
168353
40311
113772
94767
122670
181884
197430
118374
164698
9885
96667
73448
168390
114039
74989
180897
131256
121844
127579
2516
92259
50148
191193
148521
56810
66529
192715
25091
100065
70787
144238
117475
37939
35504
169701
16258
163866
113533
127429
62123
67039
197670
74998
28562
77585
67534
69565
35558
54718
144309
131805
19746
105930
158374
45340
101347
47032
101303
162271
45332
10416
108035
138684
98095
153196
28030
192118
41233
147879
16102
98674
104761
165592
121684
195068
99563
53592
26188
164386
140738
88492
43424
77973
196362
169563
129834
198983
120287
4001
2236
135289
135604
80516
9675
52907
147666
136272
28927
39190
73218
24402
55567
181516
67865
189944
4240
4467
164020
192116
188053
193078
101709
31915
42490
186599
137969
165866
74621
94852
162593
189760
138484
92963
33224
71367
165477
20107
194364
110258
44554
168835
34921
61056
131066
35053
80223
109847
156076
51853
157593
47348
104302
27654
67671
18879
192110
35960
146121
177648
15682
61902
141810
93418
123040
108664
149036
41116
9350
973
29997
159680
103908
46774
106294
195314
156245
46830
26354
49146
153790
88027
104011
179937
43565
186493
144497
128462
60807
124905
107179
18575
159157
180173
108824
174518
8673
185580
83438
63733
23777
156240
15701
26466
1517
57447
100710
102266
70387
107456
51884
187986
87041
131357
153901
143378
187985
35335
102871
129017
13417
152097
100018
106812
151805
13515
10210
143234
85320
29712
149125
34947
170670
73752
58955
94629
194148
170490
96036
55237
37964
83058
158487
132049
139868
113942
162585
168283
66663
112745
47522
172020
22616
96234
43068
122780
73402
18584
40623
193397
4618
126192
51068
28579
180516
198678
88873
136669
95188
188840
95670
382
124826
119701
184859
183488
24679
116171
51589
124914
8450
108163
5874
11975
69918
18797
189280
85617
171676
16237
106122
80731
187841
177777
144117
119090
62187
798
187094
30813
64198
34605
189608
136526
169225
28588
135893
116161
186745
91783
72891
112696
112064
150777
45754
68378
135785
44521
140986
21091
42171
103507
49276
189361
111398
48654
87849
1263
45120
22895
13519
23399
66630
52414
29315
186394
78747
183742
17959
188764
149942
112969
25022
85002
119898
66912
117680
155223
24628
195244
113154
17591
52077
140210
183093
8378
117762
1170
129248
65023
139869
161622
177509
121248
43604
171648
6471
19204
154816
21716
100837
153182
95767
83329
35671
151160
101335
36939
50605
84402
99362
163569
10815
100690
184287
17233
70352
86775
168409
126996
23641
74447
197438
163349
163289
100152
113882
93345
16495
150118
84648
127896
150796
156000
146778
192396
27870
99647
6397
23480
147648
28848
149025
8901
111040
149857
12467
58081
53828
151029
106250
74679
192420
68336
76610
106642
26620
118074
52015
119169
162785
52183
38977
175913
43905
108485
192666
72147
89159
123725
102557
44871
68643
148337
37344
84088
25357
84499
154836
20661
194974
160005
95965
75233
53413
59532
102414
88715
22826
128459
19580
163438
129320
107814
41241
68394
145321
136975
7498
151159
59973
61148
11316
70756
141902
161968
65050
164700
35834
157746
199919
118168
66681
42381
123678
171897
41816
97681
180021
7507
63175
18791
89649
7041
23907
48396
140898
138399
132884
153171
83143
57872
125936
97665
18190
127042
38339
81763
145818
59333
11427
13290
181836
142282
88717
29919
112762
147033
199492
188667
37753
51011
103292
80501
185912
80137
33815
163967
148476
45286
168261
10283
66324
89794
16210
103329
58987
160219
110869
107966
42818
177031
41401
127882
181246
131838
146289
48928
104079
150776
13785
190553
23473
137449
66144
120994
111278
13856
33409
87395
183859
88538
42045
153683
2950
103313
139503
15141
49090
106384
17970
108107
51230
191872
114216
184324
70902
82449
173223
42160
20806
115244
90097
47201
141784
93511
190917
157323
23247
121471
118748
119689
185022
10749
14414
92684
28871
100064
13288
164768
175851
79840
108590
76398
142110
82539
15267
79192
21160
12005
107164
2843
122650
106742
39001
7643
131077
85692
177268
167209
120007
40602
192233
136617
132109
184836
98867
188625
103389
83629
159277
165293
53626
130274
72803
191549
165662
119779
156555
138113
92694
35498
130926
129822
115688
185061
59035
180053
189251
119470
31123
122990
121766
117118
47570
21289
106994
87889
92295
163721
115256
97438
66657
24520
167833
9023
161053
171133
147326
60256
90825
156348
3550
118466
117075
175998
92501
107977
104409
91193
150446
179610
77232
81597
78976
165435
46196
20261
157552
58826
181498
159712
168934
123933
21591
187732
56327
102724
78257
199602
36612
25487
22414
47158
22051
142706
186991
71254
124343
21976
132222
24333
97676
107298
72375
31480
128763
103494
50496
125286
159332
164047
137090
40803
161370
150956
112023
112181
45145
101164
69432
160728
46765
58733
77516
147731
73936
191560
4026
164830
127816
105521
60047
109660
160882
34340
156372
125275
103713
105436
80767
171047
44413
5602
198208
52311
56186
197276
175839
35546
112997
17643
79218
145436
63001
52800
126653
120790
15474
103548
76951
74245
13347
90345
92525
10759
1284
106653
90538
159652
185525
103234
182456
184232
18820
22615
87219
178853
178426
31195
20838
23687
139720
6392
17640
148650
102339
29539
52773
56140
55055
23625
156562
73404
62497
131571
176283
97046
86831
85444
88971
199185
103726
152381
83619
132047
53198
88068
14731
148898
161047
72974
138593
138691
106739
14047
85142
26593
111833
187719
70148
94323
2441
192787
17722
174624
13234
160502
56688
96436
93809
14835
56653
103061
46891
36246
170314
57666
172332
195922
128574
174494
128939
4827
145408
59013
117587
142786
28516
7716
32398
48864
197768
135836
157684
100258
62873
141908
115731
47083
121606
32448
101704
94454
23114
191207
11362
68584
55414
196677
195737
163001
22152
36404
140533
195402
139431
24826
61044
45017
154443
97882
6213
195044
177530
102313
113399
48873
196370
94707
21780
194600
129933
38010
24463
54989
8569
69062
135030
179394
114821
54594
22932
165345
118125
49291
187696
146856
149755
82073
190545
90667
35921
31108
75331
9668
71346
88409
682
196228
16799
18450
111571
175300
40488
1955
190887
198861
180887
19268
37021
149151
114902
116065
39447
188553
10594
118480
124151
114390
192529
191548
3164
11914
97881
158072
50155
51417
191212
152050
38246
162427
143555
36822
172184
43248
149860
157927
22900
197538
90654
112027
132441
140992
67936
192434
41328
57200
36941
181496
169788
79022
154436
121152
146941
59270
34317
90902
180123
176947
53810
142521
197042
175432
126853
146300
56959
148235
7304
102535
124346
143109
104368
1264
25664
133717
128967
158954
72640
14511
173218
128319
41264
141416
189393
193652
110305
148509
47418
39907
90042
56116
46114
196654
158287
32420
986
132228
187650
40144
77671
120445
146167
178598
10773
198302
170527
191986
18009
75644
2792
183018
134708
42182
164626
30572
196268
161952
119802
174443
83118
68649
182470
48004
192522
121012
68239
70193
6628
28393
46829
140351
142384
183604
118692
199549
70169
175289
173042
78434
95757
160429
164528
57100
44488
144844
46963
132144
149130
64132
99320
61916
157773
14993
133426
100472
56455
163833
91679
20056
5977
129585
77638
164023
81787
3150
27302
13536
21664
56166
119661
156068
30335
11132
146228
117631
165235
112998
117667
6945
103492
145165
17234
22879
105170
72169
46588
197755
116671
78757
102224
192986
2865
72384
2021
94184
7467
196483
161325
130841
171826
122039
116216
109869
181394
109137
156404
64729
19116
125035
50797
121657
140703
175296
82832
25202
50855
126962
178177
149469
186268
69379
60486
186392
19976
146659
138386
108383
122015
173210
73989
101877
188639
193073
19193
94599
102497
19346
153942
127970
127824
171071
178467
66441
187702
156929
39214
50259
149601
44897
129597
2506
125587
142316
48792
150371
143582
56182
171281
7752
179472
4233
139081
150357
24545
121309
117588
199254
95705
37535
20663
26680
47731
120683
34902
4168
56271
86116
146371
4138
81183
136917
179599
22262
154366
40081
147158
166962
119764
54866
1795
112373
171984
41720
184820
30665
89593
49501
52844
41004
123289
194333
186061
188588
16302
102867
20738
94215
161394
91579
122750
185961
189238
132732
62668
116771
111905
17101
33985
106275
56670
96121
170594
74140
86507
72030
62540
68818
109734
125952
153949
101413
108779
174070
39349
144459
178423
179417
12449
53510
179214
13108
190964
12721
125566
14813
111289
184789
39926
53564
30101
17071
193405
12980
4506
33464
8018
28919
42494
26151
179315
199096
97941
19260
181659
191043
86973
71453
48856
39074
199580
147499
179617
77833
183820
64144
40132
27238
21372
199051
18603
127768
91137
80911
110228
128366
195264
31597
10318
33368
28760
89561
130161
193741
178336
53861
60050
137704
76993
111056
154783
182311
123929
97457
62085
89629
17692
163951
85392
78916
11487
99734
108174
73883
76087
98673
17882
143698
131543
184189
83744
140882
113873
185169
160382
124082
6159
52809
125266
20423
125983
150164
184602
88909
101633
19787
57237
165371
117023
96395
126120
141946
44884
110607
88018
140737
166902
183192
56383
152498
24825
63756
118187
13932
103403
154524
60527
41129
102043
117658
55897
112949
111938
139989
142986
146462
20431
60302
121035
107203
127370
172971
30976
53503
134669
196879
71085
44502
36326
87762
174350
61752
183838
65898
25000
98207
195625
32437
174769
33119
44808
184001
85290
33888
122175
50621
80670
118242
151962
20580
34882
133674
39780
62920
3142
178723
69784
58496
195214
37929
73554
23351
193523
43783
94792
134622
76866
119131
4472
85750
33327
96004
76575
103172
145963
14500
56771
175350
97145
192037
168702
113904
67327
45234
92417
27469
49269
7975
21313
116236
100430
65794
146790
81174
138873
81705
161018
117998
80543
196604
184226
156653
178920
151911
24332
140641
129641
96482
13345
31448
141522
107594
91986
115982
83556
27572
190098
153898
115549
187964
143547
101143
187263
15768
126362
144700
186672
139504
25800
170164
134218
80480
98778
169455
73890
39958
44747
167762
48143
131632
161724
185760
17909
182548
96391
159291
131853
55165
81446
69039
51309
22974
58231
101897
101282
89482
177830
41184
39415
130685
151997
128703
184732
53572
189450
77707
7723
132435
170370
33477
171632
162314
153462
165247
61580
86225
50068
33354
58577
146717
69157
121821
70280
3885
104381
45893
17680
181809
171400
56134
133776
68786
42697
97294
100393
111210
174935
192459
29743
54612
71657
30148
179
175959
187021
104590
119274
102217
154200
190599
186595
112760
1899
177299
54782
101934
6299
24896
69482
146609
27019
113816
180403
106581
61028
155421
129901
173307
10156
40126
178027
186624
116318
21019
163017
46697
105311
87918
126681
120313
157330
28794
84715
112701
149031
37933
184140
158816
139968
146459
77659
9274
125677
77846
159879
91803
167515
56301
73022
79015
164879
132279
157828
47440
12506
4772
45142
148850
102295
92868
7435
145582
113726
170504
74365
26082
177996
143688
138904
101249
124451
57498
30190
155764
65735
156322
83131
137707
86841
122607
144317
123302
128127
81966
116225
89880
73688
43931
125414
6114
101266
51356
61403
125579
145283
106457
105827
138379
74219
71742
11722
111639
59389
35594
10041
107529
40194
35965
144892
154609
18799
20135
112567
30677
10025
12383
192610
61673
94742
108649
83483
130907
52049
28983
45751
169658
170401
176269
194646
109766
171348
124315
92139
182452
135619
53030
170932
133920
100696
146040
196180
159843
53418
24095
188073
71133
19968
11723
186750
139295
67520
21190
30288
143567
189351
73364
117082
131964
10597
76159
122416
94310
121029
32662
48159
193085
183154
123761
113862
33638
12224
176695
83225
101191
145994
81101
187863
91611
151262
183038
97059
89981
129741
17709
129113
198461
22100
35509
102398
113129
1267
103876
78905
192018
108169
99142
49698
29629
135395
154521
171132
111102
192910
74569
105414
44895
68091
102383
98550
114603
71475
110662
18029
153672
71787
155236
178515
173384
101538
69896
67975
34120
21238
103388
8216
140811
145932
128577
104527
1874
75720
129983
120155
45625
104131
8034
175723
82023
34799
71151
196702
180433
85530
92672
24853
155126
121457
108007
61552
160011
50212
150391
129096
152028
59179
126157
138942
162963
65400
112889
72118
153791
100792
117430
152557
170119
94129
196145
125756
105812
160577
64797
24900
62796
52874
65194
126524
36654
82496
8341
54789
1228
86374
195943
66029
72365
94431
145714
79540
95616
81165
105915
61445
42126
76990
194338
55974
182288
196098
74634
146290
80850
80780
17708
28614
108679
164807
98737
150558
166830
193326
115661
62591
124188
27323
30706
56039
38149
179629
5516
89697
41670
36854
12389
118262
124889
191719
176536
65853
11345
9371
147801
164504
156114
162986
44507
117748
71839
17903
72721
190621
57820
2695
96568
116222
134954
102437
37210
114685
132777
66316
2268
155341
78087
140581
28613
57894
194233
163734
91286
121547
65708
25415
102865
143486
9881
45282
109052
161454
114694
39070
12971
26311
72079
156868
179446
73628
155976
125651
89803
112578
199432
19793
406
71503
162707
21468
107535
170006
29860
77555
108343
37946
192966
105864
10870
126325
46205
90971
116122
198446
139032
6935
111312
143459
121110
162293
132908
122339
123315
64588
41956
162555
179483
173638
40461
168179
53500
20034
65782
25752
66843
177822
134337
163746
137913
137235
198756
20112
194967
172661
114865
93065
179644
72747
130501
178164
31356
3405
32716
50539
181704
66202
119108
193661
42088
81353
69119
65438
135930
37284
55207
40918
184355
101161
144705
140462
12292
147449
122034
54358
68925
66568
165954
113929
60746
122581
171921
90104
49798
15827
178270
76106
92162
153490
75907
85982
63294
50944
161974
17891
192389
121417
52243
185188
10727
131701
146586
44644
21467
63504
104501
175334
154329
8935
15665
167178
85697
124749
34348
51810
19387
33618
16657
76617
31808
46455
99706
186866
193347
135373
78596
117364
143919
84814
174713
69185
126477
41824
139362
169518
15234
23986
199402
59482
157793
19729
153776
65036
2969
32647
53140
25401
145726
150135
24767
149539
68478
160316
101060
102661
146339
155216
47166
110650
92093
146066
139747
75613
144348
193202
116894
25852
2697
197945
79176
69079
27168
189808
79926
81508
7864
191597
98811
97741
100517
125818
87390
87775
160252
6980
51590
154665
42942
22386
25631
79145
139436
129330
143231
198219
77628
107364
10593
98603
57857
174105
173942
128986
106663
139118
105274
55132
26988
141687
36373
114792
173753
31761
146524
156955
85893
82729
106769
80685
82212
106302
115564
173354
59277
152075
33383
162800
163616
39760
52550
115158
197875
65903
108717
128665
45628
66401
87807
162191
76598
156900
178002
52701
95227
68281
199703
76614
130892
91355
6952
190062
104814
120938
89410
27879
3429
177828
130036
69194
70799
45353
38307
91459
196850
102745
188857
155761
149238
73679
9416
13668
72995
177660
131659
157890
13508
129100
186885
166792
177948
69136
121297
12781
77713
124616
63205
47211
154218
139182
194530
136803
112197
168039
170642
178141
1017
31103
177327
196170
44332
105455
29537
86618
82149
109327
153034
125366
159469
132833
39505
70244
198801
106314
96788
149480
654
78476
107960
1465
15322
117312
175084
58950
69801
155176
196823
95856
87676
187930
56285
129789
111091
75020
124437
25733
173823
194642
68570
184210
171199
83176
168152
39738
154651
114936
82964
64092
57954
43412
31523
133968
45459
95682
116193
191157
169484
191040
116276
114106
52214
7123
98142
61810
167940
6812
132650
186677
125015
163454
159051
138424
74864
22807
50661
146666
23952
184029
118750
189706
157200
15595
61725
102073
191791
2522
94346
14450
56077
118500
78157
45329
42300
180929
53125
25816
133989
70520
92343
88201
21278
19122
61286
101848
39646
136856
132586
188435
118972
129917
81511
133677
159770
157598
143303
34571
181153
30750
140137
64137
138683
81737
140411
38219
119402
41400
131655
54803
99443
144381
154090
155879
158486
145727
66724
134693
29976
66108
21607
138674
68002
67675
129167
94590
31765
183643
102538
192333
1375
146559
187465
71001
42421
176356
70019
166615
198017
152531
41642
54817
180521
172679
111490
45256
157377
11006
116927
68613
27684
31462
132947
118441
12404
183708
143143
2701
133631
42547
35579
27449
163068
152984
45968
186284
28399
144732
111517
50940
177040
143861
117408
137773
56526
90629
161675
58881
155199
85475
36100
142195
102832
121052
105591
110416
37644
72888
196891
126765
119776
114295
43796
15180
56480
148347
132838
104477
33161
120053
61355
196177
64598
109010
143104
176542
36289
181187
59901
64089
85944
109568
70506
53346
40326
104283
154831
185506
62166
46231
191382
176999
173869
139709
46363
111493
135871
114091
39623
139146
36910
76961
83178
146259
18515
191411
143338
7725
123251
101884
193614
37262
37390
130445
103754
87240
186925
26123
115316
21714
148331
101112
4710
81466
99930
16945
33669
177620
52475
55508
160389
145626
176228
66562
141805
9296
197203
181121
14492
137899
77817
9155
89953
109967
138537
131254
27299
181059
66946
46217
125212
122389
190705
62087
194554
112771
128770
75039
88967
96912
34217
6793
184960
142573
66042
56486
141140
46268
181183
140090
156580
111308
81870
133491
51005
4854
44141
117107
62217
45162
77643
9922
101085
49674
177603
158999
191424
142891
91744
1592
53367
112591
28644
24935
63776
17841
30218
8930
73024
143645
181985
25348
171774
4391
151563
3111
75485
57025
24005
140147
22799
77882
81038
42570
45957
137806
61906
60900
135704
120543
114965
115220
126475
100568
43052
617
11332
180526
195441
94270
101486
64185
163219
12527
68633
104237
125458
64779
162324
119078
46987
137866
153993
196899
28476
49281
73275
117948
180129
107976
33340
144160
168245
179560
30485
44487
37243
12969
128803
10586
23401
118428
129251
78742
159269
182200
66139
119003
82000
140460
125463
59347
78760
162688
87168
82342
56764
84587
92898
5577
110571
199933
180191
141776
174667
76281
8038
187803
115714
96156
159550
153241
107771
45507
98431
155612
16722
103988
144572
146133
143261
20220
10563
120850
109072
30940
31370
83899
46045
117933
170111
47436
172201
162674
126388
177668
121100
140240
176622
73923
73163
20219
54255
189693
9404
50512
25072
140423
188283
16435
6008
66710
166361
46293
198708
146314
128684
142118
32989
105671
22452
172102
115203
144241
190747
106448
90381
44601
114356
76473
127032
4998
12349
77413
40894
14314
5302
170849
190163
117577
123803
111394
33181
3497
63387
186014
72986
128945
171944
95913
34789
109380
192758
191145
42669
85177
151
124301
67973
181835
181255
110001
22124
167458
130133
26433
186016
107161
194291
148120
10299
64428
99022
161897
7202
121595
155244
175153
24796
42517
92557
104326
55314
60872
141148
78027
117682
84366
165957
169809
138000
105562
104610
110844
17753
166297
198577
113866
22028
34924
157468
95506
175431
114579
31476
187485
52589
93641
101049
174024
196297
2723
135696
151731
186520
15187
51803
196535
133641
101758
103033
115027
22897
25106
101720
174374
4908
4877
128772
3817
150279
117050
62456
4479
191734
120606
56497
81195
186985
33289
72471
46531
138892
7228
56167
36760
106720
155906
91184
115477
164664
186680
144885
175512
170681
84635
34280
36935
76110
63713
134071
66158
133108
69792
193919
79781
163033
29564
45704
75241
167724
138131
184117
168795
170342
36064
89078
16796
78870
48803
48570
184021
189332
169
144033
96468
118835
75386
169233
183665
12889
183570
38495
107107
56411
70954
134327
161788
165631
124214
49900
133057
68333
125328
137812
6325
124812
113133
32619
164246
169874
70973
11517
59625
72561
176339
168716
75475
44065
113894
133053
195228
118383
173235
168939
72985
95660
46896
102372
40908
184220
126969
20004
165727
135464
4352
12760
6782
41986
68423
166311
117355
38374
150595
149083
95220
61618
79819
70154
40713
2318
25451
192854
7895
131393
91772
40467
129989
87184
82846
30121
30210
57855
9385
43286
73073
14854
174292
137376
75715
46633
43797
95230
79872
48328
35296
80219
140639
77299
170934
159009
68277
45924
189936
151722
131311
160847
188615
131552
15991
69955
137362
105192
111405
67859
25360
130494
140078
14419
134008
105113
45980
16124
175867
12134
75051
98579
80699
123388
40030
36721
74618
669
160426
36075
31756
85210
81570
117160
32
167290
178347
126347
4115
157017
149837
40517
105759
81723
4256
59584
62477
147167
188835
103480
60885
165040
198293
125498
175016
66130
121043
183030
155830
144590
100222
146404
144915
85028
192083
73836
33602
37254
92363
195452
61546
166097
141863
19965
51688
12033
47369
138517
181887
22891
3072
6402
77389
158697
95086
5600
131667
71499
191632
76404
74716
97299
18743
129203
74089
196491
79507
122383
48216
174522
3282
137737
61446
55202
111036
7964
196972
42600
92852
108599
161534
77689
147495
74736
28351
16748
145553
78618
178387
4151
6530
128873
42726
64948
177197
154054
34464
82932
117816
65949
176098
120092
20352
71361
89506
136832
100843
8913
189323
58900
49380
29232
98296
34441
190435
15625
117996
160693
155816
156380
94596
173471
102441
109410
167133
59843
75763
143405
91980
78240
46632
134084
54382
129305
101622
189672
163812
194203
177712
91633
125956
148517
145162
121060
80423
2784
149451
79967
120296
143572
54791
40083
92020
77848
73333
170580
184319
197711
172999
68796
106083
177623
28604
25901
165483
126112
83646
71972
105619
81320
133160
124669
111909
59663
177853
32695
158774
162462
85453
72843
53015
59952
4857
94472
194508
101719
34083
59191
19703
42301
27673
86083
116407
34891
57409
88449
82116
78209
46689
186063
169480
124790
158894
94808
41620
179928
66835
94175
146415
176308
142640
41485
104245
155631
85956
169587
89521
170449
72454
39179
48643
116198
117064
86066
182838
43397
12107
88988
95607
31670
35658
2671
36283
117702
102347
170
25228
138993
96316
144492
44135
198594
24834
69582
112478
191471
10748
134192
111701
89083
184980
196474
36813
44541
183644
99799
171087
49379
52548
176407
68238
117344
114182
89687
122658
43705
51466
115194
179229
68220
44362
109171
64395
78299
76374
83614
158623
69041
82578
71990
186216
185599
6458
25924
78792
11813
82113
58045
82454
185604
176171
92599
54592
67062
57188
10991
123722
2586
153931
24309
14614
87320
162771
67805
121051
59514
44015
2875
101857
99968
50490
138187
162014
182105
89037
14437
127767
131007
147226
103685
85265
141212
124106
182541
87124
109700
53778
71940
161517
180907
125339
72679
1613
159422
176130
143667
88401
25396
54004
24842
64319
62546
191916
9011
35631
15423
43788
178501
37900
28199
186455
103605
153946
42693
140680
134093
11809
136180
117299
71313
69729
199971
6245
176529
23436
182175
82590
81928
54688
2569
27839
178825
175878
63782
76642
92976
60508
96039
81779
20778
36525
115504
14880
15858
160743
4883
29555
53028
95435
99705
56731
126950
175782
30347
14462
89689
18059
146938
55110
38399
24682
149337
98147
132085
151075
193367
137949
168494
115307
132731
109937
195971
180690
74788
151873
187437
74827
113520
133976
170534
183626
191260
86179
91377
32272
193330
84134
170265
139018
124768
9178
48058
65057
99597
113692
76945
101528
186154
32216
83783
39900
150060
114763
156734
167814
56702
161712
104521
61625
90276
109825
88082
185498
12728
145525
184942
491
150886
191873
170009
150176
23219
24374
60333
21678
69647
20527
13944
88834
22649
195660
41789
194370
83631
2338
161428
158316
162228
101980
26314
83357
105109
67192
94714
97308
74793
3322
160979
131261
35857
152446
106716
168004
146052
60069
19221
98399
26725
117922
159067
159207
47781
95397
120419
44913
38326
164002
10203
25834
18330
33111
13274
1422
87675
126019
14642
35300
78818
159988
136564
20687
147533
127585
93421
61183
141490
89110
95650
