75892
165793
199767
44424
3244
186920
176325
166549
86574
194585
147568
87323
115422
89600
154935
160224
168613
74715
153559
31895
123158
192364
133130
185561
171104
16988
135419
114661
148186
176063
38152
97042
87008
33068
137864
23259
188345
114030
170203
70577
7944
36000
109295
99065
153086
173727
44012
110146
107967
7366
49560
119894
97396
119244
57901
141026
72427
44650
32815
162879
187960
181561
134850
161234
108154
72150
99342
5885
119181
35046
144618
90499
169183
53435
6977
182532
54703
45053
16806
41273
58183
197763
32754
166443
138395
22299
170623
160818
56855
15108
192732
55364
101419
68691
112523
16998
146014
116758
140594
22684
158253
102406
140956
149141
80584
143199
189378
196154
67942
177281
41884
164447
175592
178850
99250
13810
139507
137388
10023
64268
192031
99944
153899
120282
139279
52216
64017
70144
32720
52649
147239
127921
140574
22038
108944
4667
67078
120868
75203
46256
162702
77460
186548
117365
31153
99180
180197
194115
182463
138539
94403
48819
6087
131098
89898
150798
55430
88510
90275
167341
49440
145089
23494
122620
52905
32845
9538
12426
109714
144560
96193
169683
53024
172277
96815
100492
111037
170308
49111
54137
172759
123362
47968
149004
148315
145976
60150
98274
105581
163233
120646
31650
140167
162767
103304
48067
67930
51302
74315
195087
6990
54906
111265
34528
142995
145764
132020
79924
175936
27514
51771
189446
2054
5452
184166
122505
77697
70027
137915
115353
165811
134377
153468
172164
96270
70496
126929
53389
74028
8888
132750
129241
144727
43772
47562
55500
908
84866
114203
6591
168578
127728
119879
124687
10893
149269
146512
65755
162950
184466
113434
103251
57641
38659
43449
188047
96891
98292
172621
179829
158053
142100
147594
151144
152220
80008
138647
24942
171886
151318
36598
82510
92565
126906
135764
139443
199662
140427
165991
6099
195144
196782
42928
110764
109871
135311
92213
172838
55673
26986
170389
185021
28884
156043
52876
191124
80943
53766
180522
69949
84537
75210
114224
91490
27880
2780
80783
47961
106301
661
68778
127580
30237
19243
173625
31835
186947
35681
32408
75108
45274
134048
140503
20237
113273
145760
66578
73408
67653
53171
143787
89071
110319
106825
27894
96116
108125
100549
74855
165387
119953
37672
25775
56052
156378
183402
48404
91774
114347
120946
121133
14128
16902
143001
156077
20268
92829
49833
198851
29543
14533
17815
178443
163276
124165
127717
88519
116366
85813
156721
6528
88195
171902
66766
77390
28885
178228
152102
48730
107135
199349
186280
12152
66474
64822
20131
150803
136493
123633
168373
80305
146194
184673
92570
35121
67384
176189
105439
162614
45884
192523
194155
23605
51324
43912
143083
154377
129185
16936
144332
147534
136641
128950
31135
78442
114096
75750
32501
22197
134350
56786
30318
108166
129237
95345
148340
150291
28169
124119
175075
94349
187411
59018
31889
196494
168001
138220
37827
8420
28474
169592
70334
64321
181315
195805
119911
8032
59912
12431
142678
56316
100253
44867
46758
179942
35216
158344
173420
81267
122051
119275
35662
186980
22454
19345
119301
133994
151920
14640
121086
147227
187592
81984
191482
68820
64341
21198
60254
1349
117974
117260
27577
55011
11744
1878
52357
141606
172272
7429
103620
77835
35349
196349
111221
111724
1623
57918
156835
137971
199276
88290
154219
88883
7942
2741
128436
60979
59962
149069
121128
96498
138558
141328
84540
20187
61592
111134
194704
164565
74665
50357
164242
163636
27227
199194
113076
109996
50278
23449
179744
125149
183337
61927
155525
123707
142552
150672
75256
167095
31745
154198
73854
156698
100377
77665
188045
44785
175846
36407
135263
39613
177540
140255
173583
90756
178776
193715
66263
83167
33318
69564
29166
135117
111786
16430
140614
198007
171611
62411
94005
129673
49163
103779
112956
191332
148558
144506
194208
138455
21557
166342
83117
151284
157942
33218
184133
166067
27990
98863
197757
144465
68086
177352
159756
49313
81043
110033
109663
177894
158571
106886
124370
46864
107004
128733
111651
172129
124609
174417
154473
63916
188418
49463
108298
70357
90467
168492
21308
96824
188524
145342
25096
119069
90513
66007
123861
58304
118933
130776
102482
125830
13235
85735
52813
130130
149068
83944
159101
198953
14736
198762
116379
73034
28420
86628
6556
102931
40135
81292
95582
65894
198273
136715
136244
179771
13250
11873
101267
194738
89444
146044
199216
102222
49219
42452
68221
114458
141197
30569
121997
132991
32731
134053
157532
23135
195475
157276
37009
129704
77408
28246
48859
163046
140983
75431
167836
190351
190120
135309
28451
160731
179652
147673
126358
72210
45343
44243
22494
7188
30108
157206
166787
161297
138682
107592
118621
7037
79727
93101
147670
98539
65327
190501
187240
51185
17031
34641
113579
147661
164648
88289
28028
113032
190458
157163
127936
189239
189202
115804
86008
45534
165169
4303
182433
13742
193396
195038
91068
196883
101415
79419
60999
133142
39989
152849
153308
27671
123571
108949
97058
195757
7595
15637
147134
146525
187819
111109
100688
46898
199762
68083
199319
179524
65085
85302
124107
112463
73759
54558
72775
100044
66955
46496
175414
41954
153146
41908
44439
37699
129960
79631
140832
123119
123646
188463
5849
84350
60370
1988
30611
81637
143407
18433
36284
87627
75735
42143
164204
138595
194397
82067
182824
46708
19342
136194
47060
109183
174956
128960
131933
112362
33542
115560
8695
107101
67423
1914
10833
150555
53909
161703
187339
72270
163237
88968
161156
12695
98456
96917
176422
100427
133435
45103
31375
58799
50324
65280
90506
115403
102278
85822
94363
84231
60373
144421
60796
123427
65056
152079
98229
129946
67631
180183
146161
54802
91748
94658
146557
151830
6374
41606
170992
58906
192921
75287
68679
108893
166953
174743
41065
168639
32385
192670
142126
140504
71469
30824
163633
11182
15294
21629
137502
184376
36803
48909
107613
92819
550
84092
22327
157875
6271
115433
157120
56420
108802
12580
37137
110208
180943
181188
111790
121247
11591
178784
9108
96107
63047
60210
67248
46359
126959
88996
3628
90965
16906
74369
77292
187543
155588
71242
110930
195856
104626
151702
92608
27599
44158
172732
111981
13746
12465
1210
97104
161179
193856
85931
158183
172763
86650
197576
14808
67317
121066
23227
114417
63127
71527
176644
53388
68805
31055
57934
23599
54160
104896
29637
136466
74718
80894
168516
131766
150554
78720
2285
58121
167008
191138
123224
120046
35687
128624
146126
33013
144393
51279
17904
59891
35120
152590
12676
42644
165121
42030
190459
171145
105806
35098
34568
80390
143901
161136
147303
1074
1686
159546
198531
91532
53094
172392
112368
80004
87646
148672
27897
171109
147276
49540
83321
68163
66872
177453
44005
76740
19376
145571
104907
3500
120555
38184
120777
73914
151814
69445
79650
132652
69886
166313
179821
67505
16490
153497
190077
134921
141651
86721
36467
29991
23105
33645
90058
93122
47511
177532
46690
189973
172488
21790
17556
73840
139997
196099
153775
126203
153276
132160
19115
49067
103231
110642
61702
33825
30458
67950
81977
50770
31160
135064
26506
145971
96259
171698
123719
105834
124685
135488
45210
135961
28923
153232
195769
29873
136732
174250
96338
119974
47748
134743
123922
153869
34106
139006
118664
122026
191152
4048
103756
180996
17889
169690
113045
67392
65320
148831
25175
11423
25725
33175
195253
94249
76712
27253
18376
90405
126087
88722
173586
174399
175047
125307
163849
107323
21643
107011
8208
24166
84117
163600
130884
141644
46737
79907
3194
135217
146676
66917
139534
195075
168086
92919
101319
54086
142228
17486
192876
161891
137646
109495
137723
16474
154958
65665
193664
186594
77138
164564
147931
134721
29048
124502
97060
199796
69314
92074
3182
50501
48514
72501
116177
88309
191186
17746
146986
7197
31964
136138
113860
157329
182248
134060
121799
141900
131836
19585
74269
9583
151753
125119
96230
171591
153519
18716
113589
92475
138679
14872
4434
41737
113664
66256
28214
101718
36894
7683
198144
156403
183462
141219
82740
115064
7852
53897
87800
194175
39976
67870
158967
178780
155453
104282
4382
146665
83206
179659
167468
16603
62823
198837
152317
53877
40705
172349
31972
106068
78080
123458
116410
9861
169694
47415
144076
27733
64772
51042
192131
134090
157185
109570
192237
17547
112803
93699
107083
91316
55446
61472
99348
12405
107234
111063
169133
125786
120618
31660
120761
153309
153141
137204
51737
56046
171768
145172
25345
162049
89299
45428
105483
198747
47353
147042
160830
61401
188544
58274
193993
64335
165449
10224
160797
117663
30850
71992
9165
97578
67866
45117
127754
129820
82319
42094
84975
59330
11022
120527
154155
23365
106822
32912
66431
74472
41511
108462
114046
196547
25180
139621
63405
104125
191595
129127
82933
96570
102417
190450
133630
16024
116174
137103
121866
145924
90525
110039
152002
60036
90263
144996
39004
173041
177014
27328
150432
192068
108372
172819
179136
30820
148596
38552
110690
129353
139800
102230
54285
46726
66915
189852
136333
8723
61749
137542
31369
65115
53083
160671
139527
163013
193314
198752
76118
94091
173915
162037
24911
141746
99994
49192
167686
19945
143443
81716
58669
14915
134172
18624
24413
174004
26499
55906
144051
175789
189648
4650
68150
120642
152063
132442
142091
33034
131081
20639
158386
64604
82108
7718
163187
181597
68686
149406
77583
190829
79396
151107
146664
171409
120632
114530
91735
93557
162419
88662
156301
51733
165172
121410
31182
179020
187567
27150
61295
45936
135557
66581
137911
44477
9220
47643
138741
26137
40500
118830
24576
88802
81669
151098
130132
113105
17506
19060
42141
50811
134142
132234
111291
176691
50201
176824
152950
16542
168314
48285
67571
110324
55557
156933
46092
192271
36394
34284
47662
81087
161093
56709
103619
6950
155898
169628
16617
184691
593
122142
43462
146057
144476
182631
5928
121966
165734
97699
71904
34071
190010
166994
7899
99055
70198
151725
22700
125131
54202
170546
179805
146768
96616
12852
177975
128501
148194
51484
65874
132226
194186
134463
140254
88423
11882
15205
6222
85765
177637
139658
175912
15973
11214
89581
177433
97318
66927
113381
103296
2847
103887
80669
78460
74291
122268
96986
97227
7020
185634
140815
113331
76040
171523
80811
117463
13367
148949
162192
15089
52930
133473
8687
104816
107555
17392
165820
7776
149589
80328
28717
137657
4720
106361
142759
170559
110691
69459
97848
107648
46938
53549
192249
106295
180168
54200
133281
149278
144150
11387
89516
17822
165906
181279
98245
82273
132604
140020
173761
9972
190722
178913
7737
172824
1972
53787
151031
151404
19101
122346
67027
108145
92985
51095
68505
57497
131866
10273
130622
38870
51813
943
36184
59809
141740
43925
80963
122457
121148
75428
127666
53340
71055
57765
186566
59539
139941
164806
56471
70576
72487
162005
56600
174327
92412
143744
191928
42881
76108
81113
96597
15358
133894
10044
173014
185249
22905
31538
186340
35133
27318
131824
198291
17748
60552
146591
114994
157217
181788
93172
137114
104546
116495
9678
77547
23315
8904
91713
7213
9608
177741
71487
12150
76884
101496
52022
139733
125454
25802
20166
92460
156295
99422
196394
97795
33449
61020
150171
99938
55635
128956
143870
128833
191607
42994
114772
35334
60284
10542
6999
123387
188618
176799
116093
38274
190394
178454
169447
167910
97811
189638
64464
94498
191989
23237
8598
184357
138911
115365
186567
196282
102055
78405
152185
105341
1999
1102
50634
28068
160644
168236
109606
100988
108251
117796
7225
14202
107403
148270
78677
17368
142489
49542
170731
103276
173796
97692
178594
56678
10779
163030
110068
30273
190395
44545
31507
33803
41832
96726
151032
193219
121104
98022
53716
120363
93002
9853
118350
31435
54318
28577
17598
189696
148000
43572
144889
54900
39295
74074
172501
135059
124962
169118
156985
9864
53902
139573
28475
66289
47607
94740
43888
36459
119375
24222
86477
46097
19185
118429
163629
79712
90461
189671
28708
80080
82220
76701
187191
83242
18147
67025
132266
42788
188627
2368
175077
186809
52338
175428
110777
26845
16588
171125
84711
34355
62625
160697
48876
74345
180082
160323
47045
193771
77043
190124
184209
92212
137642
106339
151056
70674
171139
14839
32304
58565
111449
99882
185233
104937
55860
85627
112853
13116
9623
119883
46161
404
130734
141824
127325
125080
47732
41099
116205
34285
25309
3077
41252
129570
147804
136380
61322
18084
91053
61653
140999
34994
34310
67225
194118
168997
45229
168864
103461
28902
5943
26662
33092
128505
4578
84126
112201
181088
127613
667
85882
1098
156901
11458
113259
102463
1109
18370
33960
139844
111565
33613
108753
43741
24873
149900
28674
58545
131608
105405
69906
2621
122455
130343
61447
14356
160272
183825
82663
134454
75498
172949
186820
112692
64035
166716
125659
139849
17148
192548
36055
116302
107277
145308
58689
193882
105856
162194
51938
56483
37792
92735
172407
75517
181168
38390
20709
139817
109392
12185
2492
152304
87798
71093
145880
154997
197291
184037
84601
175777
14637
139551
130222
106705
142053
170393
80430
78158
104875
71353
113454
28596
126
171205
182586
36735
127880
66465
194151
116354
113299
6757
7334
148078
96767
180342
117117
161790
88176
68511
103586
141109
141659
15076
38632
196299
39284
65165
129739
40221
49401
30693
196558
151646
166560
91482
184458
147632
80293
113015
34168
119538
111807
53018
161872
97026
125622
182103
116265
141499
150068
70895
14557
136332
84663
50249
191522
16316
99347
23036
199741
40448
93782
2281
108193
104643
109111
143673
18778
88673
101997
8165
87100
186458
86570
157565
17666
80139
54657
68126
165071
71614
185545
121677
53324
104769
113451
97128
142112
79833
100205
9685
139384
193987
131183
123077
27715
3025
61046
97982
83876
163348
93680
146220
20115
2686
119509
184249
147561
123845
190488
118127
120080
186514
134890
190867
155677
99811
161520
156894
162987
144898
165940
77349
70209
3783
94890
87064
133263
31226
25060
40494
142496
24246
193786
77944
180430
113319
38713
75496
12651
117061
188244
62189
140784
42618
149472
23032
133248
172640
80362
94861
63075
60890
58603
182145
188870
152136
48680
67156
56141
41747
118957
76477
92544
178040
5161
190392
85923
155925
78088
170528
178036
64382
69745
77437
61358
92598
68284
133628
168477
97608
147181
174759
125736
25214
141305
187820
38725
57808
80522
77376
60650
196825
40947
59437
124833
116149
108126
9100
3992
52458
187384
156158
113966
87826
113063
89035
76073
112529
129576
182224
55728
170417
14529
99336
193327
178522
151628
101688
77500
1162
158668
50247
60229
156830
195655
77982
195149
6221
65994
69730
90176
47466
120812
129930
196179
199630
87700
95946
101775
179293
56351
185567
36586
184260
16298
30926
124181
831
23850
96575
146894
172423
168444
158711
31677
195269
137255
101712
140271
20210
62377
28680
164496
81215
98982
130384
46753
137872
196398
22375
198350
50586
37591
142582
124037
33129
16670
164151
50687
109184
182815
153526
195736
128164
58311
144547
151929
22324
68201
38482
110255
19400
132667
6588
88669
9395
106062
48661
51447
54875
13339
49977
70332
22591
159975
155804
182475
141618
34935
32021
97661
157167
42120
178287
46824
34404
142912
86139
61477
146272
150420
50551
141547
192395
81732
47543
189846
79509
130644
143491
155412
146838
58875
53333
131591
74086
54530
191515
132069
165765
84500
153261
101892
198494
23773
155478
126935
56244
84753
172298
11807
177098
169723
85209
117736
79948
195407
193074
35696
44150
37689
76846
119925
8444
74012
163692
128296
94447
60640
145151
13311
76440
120148
151243
171760
137306
87360
95492
186182
73727
3030
172301
138638
124234
38984
161851
195375
150299
64339
146395
102785
130523
134373
164946
61342
184496
99004
181905
20290
50330
194964
112878
153316
167467
29406
31025
137728
65827
86442
7958
120596
144974
189866
192331
148201
108894
106837
48398
87070
189451
157784
130719
78612
33396
59326
76361
67847
9282
104238
10027
148586
102690
109302
100479
19109
149506
114897
39394
43948
94402
100391
5380
164784
22995
119882
190498
175331
130813
140510
131409
180159
77140
96170
92246
64038
90670
90753
12511
174933
126857
32096
80919
100675
187287
177650
3583
107352
2472
112539
2314
90098
12803
94489
171472
43599
44790
119309
176508
138285
42974
15715
154946
141310
150902
20515
48487
44471
173793
30068
10228
55845
22113
4615
54470
183677
56791
136520
141066
169017
45877
121916
30861
19640
136767
176448
173273
134943
119271
95532
155404
150273
51759
22667
160922
71202
70426
90187
86568
182625
178905
26419
21176
39285
141584
78341
14545
16556
62240
72357
145053
1274
157409
37464
151507
26996
183946
188981
117202
3246
195848
112525
31923
100371
101262
6489
13103
153628
136984
179780
118814
64345
37005
138102
101695
58239
100198
100991
122282
164411
48085
107374
111365
29863
118467
11289
125423
138291
54475
122858
190242
173838
92428
137179
117069
92853
171664
65146
9941
5245
144184
89488
178699
176685
167708
170345
53321
52203
35621
193044
164228
76593
192492
179558
75983
156495
138500
40501
189893
188364
84914
14540
36951
188101
97214
175025
61406
63086
13178
157616
47645
28337
178610
135996
25035
29920
106127
198846
74475
5747
111862
12137
36918
180930
177614
176076
170726
141142
88370
109572
51025
165445
27887
85269
28212
87397
47090
96878
93396
44524
61145
9447
157879
2180
62572
109325
114950
14938
92969
153093
101832
38551
131967
40689
190442
139524
176237
128050
113517
156354
28435
143776
161217
127914
189003
130630
175718
120189
78832
20322
12130
189160
46674
3261
102772
96804
132186
76940
187994
172109
14590
130498
147861
37444
118800
148500
194061
82757
30683
140870
158669
70777
105035
68892
126279
72704
142954
157069
52317
32406
80159
199817
74519
132086
161941
31501
66625
183727
64082
1924
58156
61894
95250
19769
91143
169317
21969
176204
12514
106117
75202
176704
120626
9653
155467
100103
46125
180177
44014
125870
147321
56862
168298
93375
193363
76147
8987
195714
163221
108144
151819
151531
142664
111335
167308
25808
53972
108833
94469
125696
181839
46752
66116
86023
83505
103835
51
108349
189127
97149
43580
188998
160540
43063
187382
32529
108737
128848
76515
6019
86712
114434
189125
124572
105403
155828
114797
125689
117179
176975
19309
138342
186508
91920
93756
159970
106953
59526
114609
27468
93850
92109
121494
10944
155006
132329
30092
3945
107887
16282
72306
53400
131232
86400
36670
20042
164604
51265
35782
116524
123105
29573
180490
73636
74838
31774
40099
44273
171194
124465
96581
57616
46855
73055
67132
190888
35555
117481
46365
17502
76955
165332
125
160940
183083
58688
43892
156689
154415
46037
176252
109208
34073
24323
114795
193205
29911
2919
129853
126939
132535
43059
109055
94857
148515
190429
164199
132778
64234
144409
65811
83411
68418
164357
80666
59296
197150
69177
18505
79913
124851
32384
90532
146293
139415
46366
73904
130328
180868
144939
139630
151308
113582
136053
107609
147749
70396
185985
118286
49226
157526
77410
18954
12323
193450
64310
49475
49818
145059
192382
137056
185613
183685
173841
126722
67206
38067
22738
21695
164140
190107
190810
33355
176507
139153
76999
4846
143229
147087
127662
188417
183412
141195
107849
113028
64267
145889
88007
40727
183097
111274
108501
5179
104787
82124
174064
163158
156671
164245
171070
188822
163764
154915
70130
181440
54790
24392
142829
91821
123316
190526
58975
173611
75662
44997
139002
10673
6830
135674
24533
27837
16595
171819
41347
50923
135380
136556
12520
17608
11358
119550
183495
29668
190304
124551
117841
103804
74648
160211
163067
49657
93974
24282
78865
172363
70813
141136
58774
147237
26552
87759
131895
22335
15760
179160
25285
57677
180063
80275
161474
116320
1665
83024
94042
173281
117771
37521
117718
112663
97671
169020
70621
197834
11936
156614
172258
176415
90245
149736
87003
121456
29801
12636
69904
98990
6689
92384
190151
133675
177096
148492
116063
107473
197675
18375
144444
7464
97652
120779
187948
55994
145627
92161
181435
104775
4785
71470
138236
4053
92621
188865
126619
25241
189286
15969
86122
70284
57404
163555
109038
134220
70222
40891
53932
186767
119034
158349
139214
166153
9172
94528
55718
150832
4152
87557
195802
56826
67492
115630
47829
174722
162703
156307
91343
149982
109015
17867
158959
77224
156732
199293
109031
180369
113842
22733
150958
4249
117219
196839
73968
70632
14422
11596
164327
52919
46064
186096
20913
151775
67721
77111
124316
183776
44246
3474
175990
13491
140435
112936
69404
153981
134231
9380
188746
10834
157133
130444
187355
76821
155834
192517
106095
121934
2045
69724
122047
559
130147
176586
152138
129000
105965
8392
62939
114532
188927
68582
195578
179608
102396
89694
54387
91537
36859
195316
42424
130172
169962
90713
176534
114475
42743
161535
8369
76480
139749
38070
140481
24961
73161
59214
51483
66408
196974
41183
175883
102442
90842
171026
95395
130882
159547
180195
43954
172617
68549
45696
134652
65933
130906
66733
161268
35237
32492
145389
129670
38933
133646
104759
109994
73434
18826
42315
185799
159379
80945
148575
11442
119715
180260
171646
148761
171211
605
114364
85614
85118
128495
144283
41070
63534
104387
183158
190261
16412
120983
35019
5905
22850
159732
157188
71612
77016
158704
27888
162775
35837
196381
23704
95897
87434
121854
173536
49364
25625
172096
14842
188213
18191
170325
113891
149813
140097
191200
31181
32581
59319
161651
140810
72935
198105
100261
140901
177885
82370
171909
96813
107120
122410
24120
158429
66229
165181
32563
59008
100682
24585
30975
137857
184890
25380
96047
35988
55286
191653
23223
66117
124813
17456
71965
23742
44045
198626
26650
116850
51496
68767
14009
56169
51420
177602
132789
144798
197494
130791
81430
34699
186356
57087
37975
13133
56018
154238
20699
91768
174643
57922
15797
136672
121331
84250
160459
45960
73520
42052
25835
110205
148028
187759
137733
141639
97159
34656
185318
161630
29343
125771
135789
35055
119564
87
49341
93118
6542
3093
126871
131351
89174
140590
13459
10836
107863
143619
47713
85629
194384
166322
2408
73639
94583
102256
111613
87795
67563
78388
199604
35102
50610
148446
22981
179852
78746
122641
145287
110203
51455
67644
20782
40490
51349
41870
71261
156943
81662
150885
1113
93176
31293
58497
164325
93296
145282
156842
80667
8911
82479
10979
162838
180396
186432
88980
51595
118757
86101
193745
191109
43479
34980
4118
119983
118660
139867
116722
175573
106576
66684
20297
50985
70047
146725
1322
51960
15435
46692
143485
40340
171551
129417
154744
98298
48202
186474
131706
167968
139023
100765
26198
147037
21219
70277
58109
126415
158616
60626
152091
3671
106451
76886
13497
31223
172633
88632
166573
85728
126749
179090
55465
61547
113875
184999
67627
102135
96674
128278
17294
49388
59725
187036
4050
175104
188341
156691
134014
82359
149049
90051
164150
182519
97796
186611
118919
195689
10935
171623
162322
49167
133803
125850
164439
174471
153151
86322
89415
172063
97197
11832
121144
119583
138256
63918
76871
130675
69780
43924
33957
69934
4197
35897
39311
14081
60476
179695
57983
192017
178442
132131
51680
127890
159645
90089
70401
141905
12079
105860
2197
96840
184438
163204
147817
166164
118932
162696
132029
64496
195026
77683
114221
151808
67907
34383
15211
197554
145989
38256
98006
66895
184284
80447
131594
84489
26519
117708
126957
80652
93280
77135
124731
59163
124664
572
167114
180443
2324
138172
159570
59592
25620
152502
33296
68721
87567
39542
108640
61231
132179
163711
32255
61887
197906
139093
29762
74387
25751
54006
198136
141060
17575
199535
91996
13021
152089
99042
159654
44079
111656
11368
128612
173000
93755
79222
72847
33885
139009
99806
90111
33042
33372
158649
92198
69137
16682
92874
190806
10291
21902
145692
160793
52001
167727
111984
146798
33315
102611
5108
177538
11401
170315
122631
196069
195837
27154
62983
130660
22431
37000
107045
7596
184365
8152
171179
110612
190791
17279
79746
183618
7865
71088
6197
197879
2790
73555
24686
20436
158310
177681
15728
131987
46538
117340
40701
80461
150680
136810
73496
4571
17793
139177
14130
158573
133550
99893
119094
136004
142429
80456
120102
145944
169967
165472
103542
193668
66440
27280
110480
108627
100071
489
123661
78470
115722
171691
193122
101555
108857
17165
158602
58269
67402
163330
60276
27220
61568
58884
199240
658
198578
85753
132702
127715
102223
30592
142400
87631
125608
198148
4660
8744
50274
39902
196748
56314
124691
147160
7657
22548
170618
61420
130052
86720
6214
173002
199652
7308
171299
15524
97718
119007
29792
163649
87223
31179
10702
194513
144944
96310
59498
79291
166393
95025
125657
62861
126032
110739
49519
86999
185765
5147
132070
50906
42924
28024
77075
79468
73754
97871
30734
45686
64247
22697
167921
81127
98315
88758
156306
8071
1882
5899
82175
142047
118916
69754
50176
5213
104670
141982
96136
198242
115106
68635
149941
142064
180864
108326
14042
147456
65960
173090
99650
38327
28298
147263
186024
95104
167373
166741
96800
98652
177135
191819
39645
126068
72834
36807
35207
31549
81889
72931
129244
75185
193269
110840
134508
85226
40331
114033
38380
3974
48837
162015
55148
89932
47137
41891
43839
80856
1308
118113
103744
128421
39915
89024
178564
108263
188289
111425
56927
130045
114454
159482
133477
170260
72498
19924
137828
79173
148501
10952
136354
34595
75118
112168
34903
88267
83898
68717
181583
131509
2749
179405
36025
1335
191707
61509
52157
80970
18393
50091
34585
102692
174080
168018
12486
174220
155468
199621
141698
157922
195839
80760
131141
62490
190989
95081
98541
50741
89014
97939
45734
179974
57573
95922
91938
163949
89263
102815
167659
152972
47506
42099
81505
55748
142694
8914
55523
27223
119028
146636
33262
110341
114188
146645
172907
84864
154839
192086
21446
103335
61740
46198
110745
154998
191060
78493
141415
147558
187053
150844
5526
89399
115479
196624
180847
195602
69287
8465
61955
187208
39227
24981
59206
14023
159946
119692
195123
141256
177260
67412
130382
71820
110178
130357
116949
22480
187718
134987
41423
167107
170514
35065
146233
73931
132250
158963
143829
89677
199372
148818
80632
110064
188498
36275
87405
146885
43684
148489
3918
116364
7847
130864
24429
166166
93985
179982
167191
110348
50715
157522
117899
115296
119386
131728
102719
176048
84632
198695
122150
79475
53603
99145
153064
176423
45702
54306
185086
106545
82367
147441
186801
17078
68258
40995
79993
19068
196244
79219
175548
82128
9956
102212
69720
183818
53826
149225
33466
117767
118641
132091
55482
33397
90552
116101
73541
186257
146029
157298
38055
63930
89292
29407
48073
96128
185758
155539
123402
187419
90482
195795
145144
62663
84686
132923
192707
83219
126412
96142
168402
56262
37749
116059
116827
68268
67881
10005
106449
4899
193333
165523
34055
102767
190016
24630
112976
187722
142870
84254
148109
195345
49310
121271
67703
36292
14977
130860
195054
145488
121577
64117
50866
127068
35398
119429
9150
31340
119355
6785
24456
109713
192350
152129
51423
116809
73896
86248
83828
70969
46128
157575
51360
72439
159106
170675
75398
182376
121330
73892
132269
33585
148279
21316
103307
138103
87959
165251
86955
111829
40350
140276
131757
137758
37588
330
138337
101504
122550
62008
63780
90455
183817
80721
15061
161218
186533
2102
7177
55811
107070
195857
186073
83414
68047
14877
154807
170524
57668
103435
34681
54078
165270
153124
122543
29483
138540
29686
109299
42220
14072
101440
78280
198481
46426
166521
24970
139636
105450
188707
150654
40917
114839
95277
64264
179874
8299
60725
56888
134342
136610
115981
162087
75514
127055
38001
124268
116125
130315
150148
57937
85079
23028
132341
112150
73193
3014
173842
71659
60886
33200
33001
132081
101750
120954
110437
97974
168881
148720
20117
167502
55128
2191
21532
190991
15738
42208
180409
194813
181553
57141
147223
147414
6145
36775
101233
71378
14205
156215
177760
187128
113888
35474
180616
166795
88454
11451
122539
164485
104331
108367
196206
133825
132431
189281
143562
22646
124135
89819
28939
58202
138038
102138
128472
98236
1540
20534
193250
48352
24084
155724
95839
116307
46992
35733
125842
75453
65818
157308
194039
50828
154617
47498
73219
198994
9849
61167
32039
199112
196330
114467
69120
152982
50207
100804
128327
100893
178510
114533
139584
61710
36007
66290
24812
195761
62710
39690
104351
188873
125824
91896
131356
99820
151671
14937
110860
6076
195505
110438
162186
156665
112683
161462
153885
132424
5232
59418
143558
67343
37602
15010
139657
199252
124498
143663
180765
31605
144358
138652
193720
82006
142000
44734
161828
157426
47877
58357
136996
34224
55024
158449
69782
74020
73322
79319
164100
532
89762
133651
144375
24667
48205
27432
143616
46468
49613
20763
11048
69334
142030
118501
51393
178076
107686
42029
62962
157383
39469
55458
133955
83826
142708
38835
136706
194939
151285
64218
67051
139283
2428
47314
116696
137259
15567
186444
44102
175437
159533
175900
111112
18123
160787
136212
52471
183659
1358
141751
1638
51379
33442
186462
141592
100819
185731
104417
60219
128034
55093
100434
25905
174259
9511
54500
110851
85539
149067
89872
127026
15015
163494
154634
149255
8197
126421
111264
1833
52098
120499
164868
155312
197490
175100
115018
108817
56124
19757
79604
102123
198011
53940
23594
12944
166754
199054
147932
168281
176818
163105
65337
59693
123470
178198
142154
33860
128049
52745
161057
137638
36117
40716
196405
93348
160228
48821
72574
137685
101802
125409
125450
105119
156270
102382
38771
86659
185060
44835
3180
142594
90304
118634
167737
120907
163552
169031
17997
164529
137134
179944
54445
177810
154850
190709
134853
143784
63891
186202
85017
45088
136740
105752
94885
100291
108885
145849
102279
35228
65249
31246
21547
148938
9059
78821
198534
155313
179844
162110
69069
55337
178752
27188
84257
26787
157378
187162
99017
178647
97368
95008
103623
41672
97987
175386
96421
109814
95745
59840
186502
144797
97351
127942
27801
106538
92975
71103
168280
50744
103189
13691
137569
23775
50383
187572
44996
34003
151255
91906
52461
190430
158835
120498
5054
15815
105624
23450
100943
78340
69436
42745
57897
139974
98491
110465
53860
55382
66066
154042
195521
95793
96637
133988
88613
157630
5089
124472
115762
185713
23020
57272
63621
108151
31956
25047
10830
124167
107284
167539
135640
149257
63246
5415
88390
8385
37369
96671
184070
86474
68
168462
169608
18126
5832
125322
189002
35171
141718
175784
79517
99851
125042
34072
120628
104872
131472
45011
49764
93583
123379
16842
117805
114312
109544
168328
90118
192061
111100
180531
3582
170972
134074
61769
39234
175787
131116
98973
95075
55259
190104
42204
151727
89149
177180
194376
173989
57072
110160
37495
140576
60567
114367
30176
34494
35811
86647
22965
93508
131891
138739
150304
82455
197903
81346
25738
192113
194948
112562
180022
195692
13177
27216
114438
180047
117347
72021
54129
61405
9868
38035
91965
21899
167931
7184
194348
93521
182429
132055
112421
32958
97735
116950
123875
36205
20834
133032
12476
62060
24620
29936
37068
139172
149709
24023
13353
195851
169344
44750
126480
1819
57232
132281
39225
81751
83457
184099
121531
164380
97581
179746
102326
116374
62695
105527
155682
158846
127644
51226
6260
149015
105315
75206
134844
166300
118120
94565
43298
77967
154529
126676
156168
47270
197814
39712
139419
174154
89617
99624
177478
56769
24250
163835
158609
134145
198120
151544
163111
10853
170749
126606
100981
64293
156217
62143
130163
179195
163485
6849
108929
197202
19527
55622
154678
149678
116622
41006
177775
142629
78600
95910
173021
183356
109140
161120
60023
196742
144070
112350
149624
5472
158767
169878
6510
83367
165654
107444
184336
116666
184601
131478
66558
181457
160160
6608
163625
148335
38188
151192
6873
13748
167283
23409
7208
96825
132677
154858
66393
144107
105695
132044
70287
94883
12453
85600
6252
58413
167218
121822
47486
6672
121396
47161
115913
58008
168350
187566
59152
176615
162712
108592
197411
121568
30225
39837
10954
5389
161510
30074
139934
39312
46848
153211
91921
85221
36976
78604
137738
86207
10281
137067
196911
131002
176421
28845
167062
97049
130840
27294
100850
151489
64383
111663
32051
22186
126049
129602
83638
40920
38962
156290
149667
148680
1196
132530
169854
164337
84541
157514
53272
51060
102420
152031
7301
58719
138350
133136
188120
103038
139536
179163
17056
123680
17868
194929
52733
133644
54424
144543
31883
744
197162
120726
125549
77664
35797
46756
116091
146571
49457
62455
47716
176693
28998
195832
142368
181795
103158
54899
114401
147663
169822
46565
62829
111370
7135
128520
28180
8480
19374
15763
3539
11239
176483
116857
53584
36273
102746
79054
142247
88051
143540
111412
21135
18740
130431
63258
163470
6393
2230
194125
4462
66055
183774
16950
55699
167925
169109
194084
11913
168956
86815
4901
84498
25494
16390
28319
100026
119609
105438
188450
121669
5575
117710
99358
120355
23877
24782
127182
124043
83860
140379
132323
92191
152516
184880
114670
75368
90241
99955
182651
132154
158123
23975
113229
127584
196207
14599
25995
125449
94628
123793
8815
179459
167057
107015
102091
142152
54507
8675
144624
141913
182646
54696
102958
167842
86914
106852
48090
197697
109142
92173
95442
86074
90633
115698
37411
88043
15867
131553
29766
64989
50447
99459
198666
182384
67883
87968
123867
82946
82503
30390
36853
35402
26887
131573
24867
158656
19865
55901
44851
193800
106848
176225
107675
107451
184182
153451
102851
55944
44174
96049
69987
116251
76584
194923
116078
734
6323
196166
101423
186844
122254
500
153763
147513
65743
161492
132256
68945
83147
150500
112909
38845
17059
165232
57218
58482
94782
173766
77037
150805
50355
233
133762
81472
167992
97050
155234
12377
95828
27501
83289
115239
35745
181461
41777
145238
193212
128905
96413
47541
89095
194730
179185
38687
75877
89808
103125
36182
24788
65835
116600
142998
158162
80546
122055
163303
11779
48041
47246
81265
143952
72111
154177
152039
92888
146255
57572
189014
155014
152162
197299
50302
59597
158902
64965
3746
190795
185364
109498
132355
100649
197927
49745
5265
154584
51224
71168
13064
112222
77511
67186
194578
53487
65090
191537
151660
111870
134430
106376
157174
38365
13978
56106
75117
22984
114032
181692
156031
77422
110159
159089
103441
175382
97786
103513
149683
23103
49848
71528
91481
648
148888
50037
146532
108075
186286
63038
93454
131136
134729
156707
127384
173935
71435
163528
27629
345
148042
126541
170183
62051
52650
106955
7222
194430
195917
51538
93900
8019
89139
158915
634
177138
121076
189093
198642
48894
179173
169328
50990
148118
58770
109476
155783
149378
195704
186877
104111
125333
58985
74575
128650
17015
143108
131758
62233
79353
92823
62357
131772
177840
163149
191826
55439
67636
100460
21065
87681
154677
86292
12783
167427
62294
61596
3071
177558
70060
127989
183212
164502
46748
12627
159861
3949
84311
33610
91969
26185
124034
67829
12370
36812
136336
43949
150225
32352
12913
1817
60063
161757
63550
143345
64967
26758
87509
92783
102930
124059
81373
28440
57548
195612
50197
35475
108387
71284
137710
111932
127642
132051
31267
190799
166826
198407
167696
197813
7777
97322
77454
51401
19564
157370
94113
123468
2641
86486
110111
103485
100302
113837
162570
114199
146835
39059
140874
66311
169906
107385
135690
87321
91217
85630
55255
105535
28979
7668
150972
78117
21285
52692
196292
58964
198077
74307
108503
88902
148087
51572
154
32997
29789
52112
128635
14570
3607
88925
53408
158446
20358
96471
13198
80138
146978
42189
137246
28698
134144
132118
134933
9044
154804
173901
48728
88467
182088
99374
69971
41356
137023
152402
7073
7674
175834
122699
74414
19173
57600
149045
80186
33493
52980
33719
83401
79411
195901
97913
104921
122202
50979
64340
194748
17546
165341
86934
27195
133982
136273
61346
198828
187392
124569
12641
147378
126283
187936
21040
145487
89684
73750
27969
92492
82024
160519
8769
155214
125198
57590
41446
170640
97244
119649
130623
185240
95799
188950
131470
50899
157876
71967
128671
80163
74721
82250
65130
144663
76602
189185
126344
149974
196169
40170
40366
3915
72016
91698
187808
23096
159068
144337
8680
124534
123179
17018
88770
31044
60805
36375
120701
37908
48006
188260
101942
133251
178356
131868
173663
119493
108742
146433
20460
11161
2879
56820
2794
123147
79144
143876
95519
100268
130209
34667
100967
102881
18388
29737
9871
126204
128381
158553
111631
100499
89998
41130
131397
24902
160775
41358
113170
124323
60548
162022
139274
83827
92209
12933
157952
56585
174017
52004
67019
106749
107638
58785
121667
52841
30014
66391
175287
185648
193518
62951
169913
16331
39138
86777
166308
105392
70514
81556
169104
82162
156879
190409
89973
199142
175589
149628
98001
32526
179166
152877
31998
123698
37799
89167
67070
148722
15194
179256
93109
85282
175660
34679
135523
125480
167688
22557
73249
93392
96408
106115
3121
161793
107003
9796
36096
89725
116922
165782
98581
45698
25007
156595
187672
9393
94239
95135
32226
54799
56485
108381
49571
44941
63817
6030
10366
50962
31555
123851
60299
197183
161055
126397
105111
72615
118792
61237
182314
192215
145792
189970
128218
46822
127775
171786
26268
60636
138633
72302
82597
147169
178257
91518
140803
175923
62918
190244
43826
179352
157100
126403
21130
137663
30854
100845
97639
80514
152134
84652
172186
101350
170973
32376
127394
561
124645
184813
170690
169877
180714
43117
64808
165437
132685
154434
9676
117148
39365
137858
128982
154311
93216
100209
132631
95217
54860
197777
136771
150397
85497
35747
40954
82939
177793
132053
190388
177903
74585
141059
135215
162589
73991
85452
60541
55309
156308
152388
14155
89046
94471
62215
68236
148629
198719
139964
70355
157650
150793
83371
57516
114173
128908
54007
25950
153918
1933
102355
194717
17943
138483
87728
121328
89965
51178
128744
188696
16329
84194
39951
85755
43962
137561
180685
154809
179046
103112
58037
36885
101439
180031
16041
14985
53962
122306
35722
18035
153419
170177
192717
123627
46147
101107
110924
114745
111496
92255
36730
190169
131827
20317
19099
123349
171384
47236
188911
114264
192177
24958
50317
84316
68629
109441
65216
117286
116849
180698
103879
184675
28025
58611
97148
162242
86734
28821
87417
157381
71617
2288
177510
175856
6096
91303
126143
193623
184200
932
165569
193303
89865
26731
65461
114124
49878
18396
75658
83283
194842
173433
169338
138262
100012
47598
11419
117043
110286
98680
117372
194308
188574
66518
21698
68685
198830
152040
93836
86181
84330
58505
68832
94100
87253
173282
62984
63958
80191
72920
175628
197355
135445
62351
2072
21117
8775
159027
109675
98319
81
143233
85442
57887
189249
198502
44029
25601
92207
69440
182119
136653
153697
96030
160232
20991
197302
183814
17589
41525
132771
191852
114227
43491
54878
183450
193008
189724
34844
6694
132104
48122
171925
80818
151230
115507
108921
33856
10875
83468
148897
83767
13692
188274
59258
40804
66072
190938
156411
51930
89367
125881
129479
7042
107454
147136
33476
42673
1902
16304
94674
68256
141661
195825
159016
55917
154872
82710
2353
133617
160662
168710
175580
113474
199746
12472
52153
96098
187690
159798
73990
46640
154996
54316
191786
159602
68248
121564
97309
20657
71937
148524
78203
139292
13921
160346
130731
138066
108091
39979
52081
42972
184621
122459
113674
173931
146825
71463
156961
152341
60200
93567
192065
21552
165159
58579
52892
114010
132957
198772
154972
3894
10141
184153
35557
51834
38330
94647
131153
27273
136176
4684
27692
159436
42215
46964
150280
154552
196744
7771
155246
189074
144501
12640
165720
70963
8789
74633
66118
31826
162267
41803
92371
57088
78140
81864
136804
81898
168634
85880
190372
83800
87882
15602
41380
125789
63625
135232
67230
8543
30924
178243
62927
172326
48787
104010
177913
57241
100751
10653
51687
6739
53221
19659
66959
118086
14402
17459
134271
132352
17457
123811
92256
121958
110281
85760
36044
33212
95875
118046
2386
141530
110334
40254
114464
126106
59881
22230
122866
173408
89549
127853
111051
95323
55909
8106
180413
128999
144188
156692
24299
84332
60310
117466
39746
71430
54453
103394
25918
145304
162384
108374
141030
22729
54190
117029
176178
5730
70231
183461
70924
199291
62759
55984
16701
44909
129982
181577
111364
150944
187079
122134
71994
112750
22484
173178
25476
48226
197651
96975
48770
199985
150867
181436
116686
5916
92953
89908
132172
116109
148292
9688
51488
125673
129287
104625
100763
118777
181386
138934
99482
116311
3808
90119
106394
73345
106179
197886
19089
174062
17975
80417
140291
178944
109593
174499
18462
101912
183449
81679
166916
15190
120925
164578
87408
50581
27059
46287
176601
138081
176933
136673
54778
138482
185661
131179
14856
25441
193341
729
3741
129293
163264
89832
9041
40789
106382
105308
323
45408
81845
154091
105897
77837
123184
180625
75326
189233
65116
32155
29956
47439
188953
35644
173038
181848
30559
131115
187138
161244
91093
187674
120050
30129
111644
121697
171292
54847
52718
112353
102992
106628
178213
102335
45319
49623
132925
144761
73435
138588
16212
156508
109815
36410
87757
120803
82615
153353
121718
197404
31196
127638
146792
28987
99026
18592
36927
26089
106712
143797
60141
116510
121673
157349
6729
91657
42747
178015
108931
84847
38269
192843
103794
107601
166183
137432
67110
189275
30719
123391
84752
178050
99827
58488
126399
94344
3108
67509
197508
46548
34307
192569
38459
44575
156342
15461
57815
171855
95420
85847
28727
168504
104660
22043
171470
28798
114957
89463
79301
134525
134962
179291
181979
125161
6622
91188
101662
172580
164008
170591
176503
39096
181293
114734
187831
109046
42148
46839
179361
102470
190486
67715
111518
183396
173376
194104
84640
193319
64473
52392
3670
108248
6364
176889
107348
75324
31022
110261
152772
69692
127851
7296
151416
152669
38612
199430
172199
72537
16576
161450
151954
6369
124831
105676
160039
146418
154016
17999
138198
118161
169724
52532
18753
175733
44651
17740
34932
110820
196711
99323
13504
196580
19227
51262
134085
1108
197864
197090
113876
111420
2292
130913
106613
161733
31407
10107
72645
91533
167507
98128
21137
51088
136568
14253
117569
24446
15440
165160
170872
138249
118521
95390
55265
142760
109170
35448
184476
47300
11861
51031
155647
109959
105101
41228
182249
192904
96014
164431
180062
193119
58639
47561
137956
727
115979
137509
116432
15622
104743
178947
160414
181635
11540
101757
192703
36617
63513
113406
93682
22094
35295
136938
127759
158015
145476
73173
44700
151523
18008
129154
61764
24622
26166
54949
177162
11697
29367
93870
149436
52164
127282
140239
16965
141727
3841
17645
32851
102330
170768
124000
117150
86718
81074
54533
99889
179963
11349
18567
80724
125577
60513
189188
16193
111643
47487
32146
159058
136685
101300
49084
172307
117966
119513
167125
28520
18819
158607
56247
126484
116336
135762
96018
161118
51856
183175
49258
33756
140480
14836
149778
53050
146083
34592
185033
83962
199577
89804
198010
84096
26029
69456
194866
72738
120974
169599
134115
42101
47563
143978
190346
152371
32998
32503
73600
59969
74079
194873
194
55810
188969
9169
16045
60775
192589
40210
174081
193679
86143
113493
92018
173295
29063
17664
11758
4774
142928
181580
48673
102411
13213
168554
133113
138398
181781
57084
52924
150473
159491
173259
155280
159409
99649
88626
169016
157962
37680
36870
58797
87037
61448
38432
143622
72262
11126
25299
548
26384
92913
166344
28251
41267
110816
146657
35155
97114
163283
116832
158357
124665
44573
11151
55921
70491
22814
174984
57999
43394
38716
125792
30652
79274
124567
139394
14013
171636
42931
189328
80022
198043
110563
159305
127812
195224
173993
63484
176771
134274
72515
16184
47692
3758
188172
62280
25687
133688
98113
8128
4713
155942
88710
128353
76195
137607
90367
198246
139887
83865
115079
152690
86174
7489
144864
186619
175246
104448
146637
3979
167058
180209
142472
13231
104895
175908
193667
83005
149898
145175
113371
4677
110005
61945
55039
188212
168022
52769
19880
137427
145983
100175
54746
11351
139675
178046
39535
6897
143909
113910
79351
43218
7427
156934
33413
13132
141803
94877
97729
94105
64930
164994
25806
62297
47986
76636
153700
19696
41478
63068
35639
47049
74543
74992
180935
96300
104071
103274
57334
115083
111360
5013
104164
173629
44358
82253
53669
52960
128547
110826
131294
121927
19021
175190
199807
145629
109874
11386
177448
13644
71549
170117
175170
106366
121894
157721
38196
15557
127504
164793
95154
55629
74410
54297
106833
38117
26103
100099
43485
153100
134554
74059
149956
165959
195368
51253
92666
116707
3351
173588
87062
24276
193445
142301
45460
19614
82360
164629
55858
42631
118829
47131
77253
16431
178724
25641
47780
102848
59134
164127
66469
28832
94300
146402
84007
108055
98240
38437
63381
2274
84639
67267
161681
124163
148084
165953
94906
62911
110918
82731
36864
179631
119477
89146
72565
37345
86268
81146
30785
50726
88185
103579
6527
151765
125866
54932
188716
95810
58290
94963
163542
153586
23993
44777
142653
194882
980
160512
187610
37493
162691
98042
65712
63562
45001
138667
190719
166090
40087
91929
97769
102493
195464
164085
130886
67438
104916
16875
76395
88890
92792
164177
192755
191668
143242
89447
199558
105125
44688
125383
70980
27123
53266
169106
160267
47338
115785
31428
105861
10987
41168
38166
68203
198818
63050
125847
113211
9352
162912
182086
103790
139301
197135
85402
181320
171956
97879
182050
134739
107426
65652
49495
58772
136059
21171
152443
117496
19054
16413
30920
103174
141918
179194
117551
15451
84767
65681
187771
61499
133145
146081
37180
20836
29112
117297
180039
136682
65774
112409
27876
31457
16834
120591
63862
106631
17954
116024
90327
155725
91930
110994
176054
184344
88943
161587
141789
112733
40635
157022
192206
93693
22098
193647
62121
193257
78623
148551
96379
136968
119723
74253
45647
54418
15774
9723
46135
160896
85228
65075
116555
102078
87470
40283
147922
114749
1767
18551
101291
23042
122599
131773
73311
154540
148466
27334
185034
193176
158852
74929
189390
60246
128228
18407
24
130895
82182
59545
173511
79753
86945
98171
84415
147060
21022
96754
159350
159620
79012
147150
94355
25899
189940
71029
83665
4347
3253
67399
13106
70961
19301
82425
181454
152372
137329
74002
26363
48219
168055
85411
145710
148179
69704
54905
131160
18244
95433
123327
150900
24240
55330
52063
9652
80331
178230
163507
188103
187260
133410
50578
94288
17328
31396
74305
43579
41804
91153
76668
181632
150216
100532
87255
93996
97113
65696
74930
110752
123374
160261
56056
176730
36355
109981
191531
142679
91743
16558
34293
101945
42123
158830
108732
119526
167323
136855
12665
195828
97062
52279
141666
48606
50785
37618
93626
32106
176770
12542
3987
173815
40882
3955
63304
67054
108121
36239
148288
74957
19484
6562
118946
184158
12686
36401
105817
176831
69931
166749
39960
67418
124287
152282
172384
181263
168446
188319
62157
124512
193495
135974
140060
195089
90468
172927
47834
118095
140448
68714
80599
123044
29131
30714
111723
6298
2159
178773
43177
38241
20341
27360
76779
146118
69627
191996
24579
34390
117407
185706
149724
59782
29338
66312
156524
99615
105297
28439
95777
107320
198311
157241
113352
45536
25821
122221
157925
59854
159140
154486
174068
170261
42672
149266
126463
70466
28891
127547
190610
64286
132492
26995
132440
168213
78174
65646
36850
176492
62237
132127
171775
84100
94943
106678
178828
158734
2714
80756
197267
33110
135622
131568
198844
138649
179281
129714
91799
42930
87116
33536
146709
64491
177369
147436
184953
64034
90673
34465
85385
100396
37092
175669
186561
192429
166907
93196
34792
111952
54741
131140
98347
25199
17579
96028
173883
191918
32730
197719
66046
136433
20908
138491
17939
12484
81809
93137
14115
136285
199128
198329
135168
190108
46127
10786
159064
192339
177248
78182
9080
181287
28077
128382
52430
69355
39134
105821
106808
85231
166093
39538
109250
9769
194054
7424
136283
171209
119935
170788
136049
94493
31126
44425
151718
77821
115143
123252
45490
133290
133556
121373
196097
187736
93979
26613
159185
167595
59019
189423
198599
6361
78553
95458
140343
80660
198044
30204
182007
47256
129617
191861
191342
81648
89233
41723
76215
106534
103169
67339
137573
73704
110022
112828
162237
62760
120460
5901
191137
198442
169765
182208
144910
160456
146226
96186
66448
33302
5654
66472
166533
43221
178215
167653
25978
103134
154030
33457
110774
86604
64613
141265
162794
62510
74645
54261
43141
155948
90032
63589
67981
189536
186318
102159
56845
160213
100786
143879
168513
90402
6603
174151
113710
165428
178973
75784
99591
160159
174116
76828
123321
172650
45276
113344
25288
98369
16716
170793
151940
93070
24637
126663
17681
146556
110140
108373
57494
37566
9891
75032
67112
28807
56118
12183
194102
146806
16230
120317
154044
122591
38080
49261
77785
22955
174041
85841
74928
138139
167340
85324
97193
168863
136620
15777
92797
153531
134838
32068
165766
53179
154733
19571
46141
134272
145212
195561
120546
178268
60810
171022
3854
79275
81261
164612
73517
199373
67992
137530
145239
57015
195173
174612
78549
6700
117519
170611
176683
81042
149196
21259
10714
102195
128723
52291
131977
114844
96559
114400
34080
147783
191899
191025
94564
73233
162201
180908
127479
76585
189021
51228
126778
171170
130238
44656
119144
196690
147927
158311
42478
180036
32475
94562
172984
156660
165967
84889
98503
134846
44491
83712
182800
60853
138645
141616
30830
132784
181604
95857
173275
101767
22200
158664
167361
1280
113056
110856
56272
133314
105969
95443
49874
193780
41468
113767
42739
39980
34849
24000
105767
91191
163862
13190
41752
69844
92753
102241
119539
1629
151571
118893
68401
124711
152415
178039
110940
98348
156128
126892
102587
21424
43220
613
33087
140268
7681
130317
103867
22244
57806
2110
175017
65
76064
63810
139752
172693
106680
169588
67566
112218
100296
179921
165102
37403
63341
71591
167060
141820
7458
185218
197931
56101
155268
132423
95569
31673
32914
1946
29675
128996
94959
189621
66498
136765
134848
11555
119982
84694
15070
14820
181388
45693
30081
13849
31839
195198
131324
190640
166479
146639
66442
137210
31077
62970
123132
142206
154682
139899
54862
147080
81509
49617
20029
117566
187901
93219
194044
71232
32237
88286
15057
30038
72123
107616
86760
128602
82986
72690
97105
162565
16820
69550
147643
72181
9277
26852
99840
187661
119885
132635
116993
155242
117227
100882
7065
196559
74487
176860
126696
100369
9672
9055
168816
70446
12869
133183
103793
114488
17871
20170
5290
154283
175771
190623
35720
49575
18999
124898
149387
16824
75378
91792
119229
131557
55892
75439
66612
145396
121738
98453
12279
45817
57377
134832
174493
75843
28213
186813
115111
80431
122721
124864
75017
89784
131398
77222
98971
159759
91461
107419
57254
32506
95502
150657
139341
172567
163850
42785
105268
181390
131941
77394
122745
66001
132481
130386
162527
46868
137589
153564
64136
105605
199825
136167
21192
162514
60247
94814
103018
111146
120602
39781
78686
3408
157112
51829
66304
198130
164294
14597
145156
106803
164701
10835
65830
148958
187315
151096
192104
75909
11062
116283
83737
148836
162909
37520
59690
36243
134059
168198
36220
127012
51677
91134
62
99998
181296
176570
103316
147584
44166
103784
184674
194684
26953
48548
133636
84422
179398
81110
137402
162428
188205
43273
174513
115940
186772
45578
41504
88227
159786
43794
27651
7731
177527
127207
9809
161623
142417
109962
12991
3816
129639
71020
64603
31379
20453
66438
2327
124199
163837
163483
79467
49756
16272
77998
60103
26083
148926
127431
39494
189611
2157
133356
36445
46946
144766
61372
166593
125695
132409
197704
69651
20308
62724
70725
133394
51600
152541
93306
177139
89009
120314
21061
5087
27638
13885
78394
194357
187870
159818
181879
27943
168289
32641
103967
140911
165441
39230
118785
161339
19188
68556
140828
35393
71342
1096
109273
42079
33532
68171
170513
60609
170239
158834
50410
142040
168440
121332
151229
60930
38119
161783
143309
116650
143340
78322
187406
129411
119829
54805
93439
97341
127313
11737
82314
54624
18160
134321
52798
53131
44551
94524
151210
20363
108862
168993
116350
81618
93395
159555
127869
44574
31361
163167
86327
18138
79096
166027
99509
104371
70206
65688
11035
116995
52144
146111
144586
125420
196513
47516
56249
24972
351
16912
95794
188030
104476
127670
11587
121466
57376
157520
106194
195524
32562
8877
65710
49466
10426
32764
4033
8561
156859
134311
134899
191843
45514
167792
118711
145188
134132
20551
138124
51515
142663
99645
16599
73761
114675
51747
58570
119031
122381
43810
32742
69283
159552
153015
75562
33903
137639
62595
121611
35119
123946
172847
169520
43938
147510
28408
144008
16026
14411
176583
126875
1082
128333
117625
165195
179734
121377
46253
190111
50063
24617
169586
116620
197512
197781
74935
81656
90956
127225
32137
113059
4491
45624
14976
135331
19351
160054
116599
88268
62042
129495
6048
77118
151122
121842
112721
139486
194324
60860
55908
153910
145614
76768
181022
48283
140216
92702
96715
51769
65557
28762
44459
95010
143646
90566
155119
163715
16732
28949
31214
55050
173730
3485
142707
125282
115900
194546
174576
149446
110855
17345
34820
155969
59528
135092
177322
47725
47097
162706
114192
143762
93448
1624
111200
53946
105971
65867
146099
88092
88137
84104
120574
187234
101930
4426
11024
112088
102917
38991
5952
46871
120685
175137
191325
116635
14741
111925
121191
4220
136001
189330
196459
58430
179934
55780
53947
79046
37610
172230
100447
91424
128233
149027
70465
118981
3690
25910
169126
10733
64980
198410
127278
47335
29575
135390
77178
160704
81942
59096
188275
7440
55579
103686
81652
52852
123916
34549
78650
117881
95392
128504
11302
102622
141735
40869
181677
1481
177858
10408
148647
197146
168787
85698
196905
167597
39688
187060
55047
11825
169260
48474
124413
27667
79025
78292
172345
38314
53813
17763
78533
165899
142860
153723
164022
143384
151339
78169
1287
117189
129195
65342
50826
33014
8829
101141
97325
159993
122674
134200
180722
99677
22500
180439
160124
110432
72166
111228
190176
2300
99469
55708
173995
83592
102754
101247
157830
165133
137700
50694
61208
79019
3980
35800
113853
5984
43199
7036
9056
135553
16166
55912
170560
197615
127520
23455
64829
140238
102617
172321
79663
83964
186687
43183
611
12058
155205
145875
121580
183565
84207
14786
27992
109932
91197
23896
139160
63872
47557
112896
103216
110778
73050
166088
31886
75916
59405
14456
156407
158164
8326
122309
199062
74151
121662
48002
105321
116913
43236
193573
90469
57878
153137
140443
180989
149002
165670
178229
59123
179699
147236
177231
108984
161321
128207
130755
62545
117677
99181
107307
121860
145058
172371
41124
9238
189392
156442
1949
43229
82860
68969
154555
41613
177621
127209
178600
101911
78765
159525
195938
186027
143781
6944
64336
84461
134586
138820
101643
60582
177406
146416
154663
186521
117373
121057
101070
170447
124027
145231
18873
26676
172270
121885
99110
72274
25268
149033
111976
120708
199298
15159
126984
82143
14378
73545
71368
199473
190162
141254
53446
171062
151000
172062
162630
60196
111467
24543
96918
136
27145
12298
140707
152589
89643
133295
31558
87079
123001
56560
4764
114595
134362
141042
12849
157752
191635
10573
199797
9451
191155
95633
166028
136459
18731
25231
156792
65850
143839
141194
15080
138613
154679
83451
146356
80110
67886
93929
159902
37876
76530
185722
42524
43101
161767
134061
122475
152794
147217
15287
93804
92507
160586
177205
163637
127286
92980
66749
41394
79903
8761
185469
55137
169066
108721
134315
130190
153026
79595
183762
81700
127262
135204
156850
40819
23768
50368
146951
55315
21352
2270
89375
113439
195542
158548
161108
59287
162947
59390
19380
7746
59181
187860
19844
88559
6266
105117
36119
83686
25122
94772
30098
192694
180014
122330
23167
165700
55067
37330
42648
92308
72259
114017
117534
28607
40860
56015
29183
175275
76772
149150
157236
27011
140520
132418
52512
31525
190882
27848
151896
47480
80604
45951
41037
110241
134547
85553
166059
168375
63967
36309
24522
158684
127096
158692
74944
26667
163578
162011
122832
102261
19216
54352
53535
91661
186491
96988
135112
198318
142585
185732
35437
160151
174294
50969
82289
158388
27986
19410
151991
112138
197194
102813
86429
65348
197866
66834
17515
126264
9248
132472
51489
5996
17052
67149
116395
155128
126465
53739
30476
169029
126354
19496
22185
159031
66114
15389
66780
69331
141093
87386
143024
66425
151521
165605
124487
138453
98728
92000
133671
61817
63307
98717
159983
66483
109497
146703
192362
68102
165311
157826
174879
14344
152331
14885
46546
28810
88400
134977
132288
59798
23384
172544
10323
15612
55104
28299
113971
190033
83190
188671
118706
112000
72094
113116
193995
59320
121816
109232
114838
63971
1282
40032
44667
158840
35808
118474
121659
83513
6150
114126
186588
129680
44783
137434
158225
120365
91867
135031
155711
183415
108938
97682
29837
25957
28446
191983
166545
82383
6655
173272
91797
189320
181387
49758
112704
81706
60518
103328
131049
121852
30676
843
40458
128750
181897
140434
193541
46831
64359
164044
33236
81760
186434
125688
84291
111259
33239
165715
34776
14235
83793
145106
93846
20736
98887
123237
48746
96937
68874
62141
172636
196843
3726
85790
156921
149277
181601
48123
50748
160305
87127
81890
173646
20772
34855
169292
64291
114066
189627
67475
119434
71554
135057
30444
44380
195678
181802
177888
45747
1577
183970
122277
50417
172442
167578
27921
106940
40175
94678
85672
67419
47372
169978
36752
76485
115911
12684
129756
55540
196553
105440
92742
35452
66385
115957
125803
67658
23380
4012
192258
149966
49245
7164
11288
49016
93215
28532
12526
65604
164839
180399
142194
73969
15751
176767
24480
73253
166224
6023
45341
32933
57308
40044
69067
122584
185581
62631
193009
16216
160109
176110
141980
53363
130308
67067
43986
157023
82294
198150
146238
65791
39310
6431
85518
142798
10254
138421
93687
198479
96427
21131
37800
15100
160186
44860
7173
67626
112190
86931
133450
148660
47266
16668
158622
11053
151197
151547
175513
190956
199071
15072
108964
71090
31068
71697
83394
65548
148191
124174
85433
74900
40137
70015
128880
173924
109757
81246
165241
174560
150652
30746
193030
124989
92619
103202
11618
173767
29713
159773
56127
88600
57384
49412
20151
90507
151014
109942
169286
150313
178703
129254
18998
82540
137145
168316
76239
29994
6800
190845
109627
61627
33801
92265
32589
168873
130126
133213
23204
108845
108653
28854
76382
143783
114580
17792
24210
168637
169349
122272
66159
92583
139518
114452
79237
45158
188470
187088
43598
149560
118668
110377
196029
107044
180804
65193
152199
154735
174047
97880
108171
109576
141729
32201
187535
191105
60611
79146
147504
143368
98987
36788
76125
161164
78255
172221
73302
112044
27591
118822
2092
192322
43719
148138
195830
157975
99988
62271
17817
149770
178928
85309
147428
168118
98486
179939
151994
142025
32114
72693
40330
166019
52074
110061
29387
16364
158080
180823
153324
130069
25671
84507
18618
1361
1547
165410
116096
57755
162227
55142
57273
80248
173660
111675
132791
76351
36499
146011
160852
168810
79221
105283
73114
5804
131890
78260
15280
150563
26034
193077
197521
111781
179489
197917
130999
142650
128855
144132
5339
64421
164571
198904
8614
189372
82226
136638
80427
123005
22402
48256
197672
125503
54971
10245
93199
90947
97225
66938
168324
51175
71451
27391
102260
188327
130807
54619
66537
145515
106943
11420
59030
126127
32523
11312
132119
157883
190838
37595
143120
77994
64126
39384
18765
4460
149008
10975
137580
168928
99066
105981
181217
44317
13999
45911
181710
61474
172157
187651
54224
12223
119646
136210
126443
99059
49429
29336
157036
171482
131803
42857
26130
29744
15673
22545
33258
80664
122994
166552
29995
144285
168658
193901
6283
29989
25116
36109
197942
146704
33375
42993
27274
20387
66902
24689
137993
54021
154727
94839
56806
181565
35348
21642
152652
117356
150181
114566
43461
153541
87095
158798
157732
190928
41911
49485
103418
60695
95235
17372
179227
20578
114776
107232
117091
2267
65600
193670
175499
152253
164658
60
109131
13170
142487
119075
185716
66261
71781
56547
155148
177649
56906
124516
163979
97010
70544
149828
8249
21662
160388
17723
174215
92438
83801
104683
181403
52910
169545
188168
91254
119388
81254
100740
173311
25146
90553
19518
157966
86724
167490
191108
133543
74485
39073
90223
117711
32769
62535
154173
61268
15801
55571
182682
72004
60314
11585
3627
82303
5431
105687
103319
120892
190341
178893
97435
186198
134076
39972
184725
39068
138280
73933
198909
47082
68205
576
42744
9808
159385
98131
67708
31680
27719
121764
154102
33953
164466
59394
5688
7053
23295
183943
116504
81584
8713
142826
135361
14744
154995
90887
24898
179501
101880
49345
196071
79770
153215
195629
67931
3932
93413
171579
43974
173976
52337
73195
176929
8185
131177
131134
129577
100354
166001
30165
8861
75706
77177
50934
146575
118040
101117
18163
192328
168855
53938
81155
117674
58779
27680
18203
124693
62453
75788
173820
77180
110892
114778
61610
194425
112598
141333
148220
140668
47431
78456
86669
35180
171020
1646
708
62774
160251
71444
88619
12536
101889
68756
162899
165810
58137
104739
157053
104366
24988
134701
35087
29196
12883
32883
51027
143415
153206
166034
23677
141654
160145
44562
39930
44632
146539
77764
8153
183917
105572
38048
195680
42787
153197
143661
98782
44859
30623
176674
146313
138513
72798
63450
82329
13253
37176
115752
71081
45462
11597
55297
134704
43745
16935
83561
37555
18403
141371
135935
126044
127975
114822
43194
190801
74596
63878
66540
98016
172515
177018
96618
174573
153258
72720
108778
45393
70201
117823
178996
103750
99455
114550
175090
114279
9085
73647
14814
171697
90845
77346
148732
126997
5576
30704
60706
169851
79181
156054
9655
134912
137292
69603
194553
186125
173139
114478
42544
124256
73633
31131
182064
32116
127686
90273
199040
149612
184509
119553
867
74750
7271
90808
176505
183418
130550
77975
152578
74434
169324
135977
71086
52574
12483
84905
101858
79299
131804
71004
78569
167568
176844
155058
36762
199225
177358
145362
134829
143146
35773
191178
91550
38473
194627
161619
1021
142599
128866
48757
56540
190343
131959
96663
164816
66242
160785
60034
140109
55250
1888
163820
53727
68552
161931
189568
89856
142948
144962
57484
197620
70746
199531
90824
197394
37621
179590
182198
22933
89060
61205
69799
69675
37091
13747
138487
168356
181113
125489
51139
195912
126978
17086
163041
15104
19882
95511
171063
190582
17874
128781
39103
12406
196564
75467
712
181065
30366
169268
61213
78635
54178
103401
160001
197888
175164
85450
65541
114629
116712
21661
8414
44131
103928
118812
104176
197926
18759
53770
56730
144863
132624
77733
53230
140887
177309
67223
173142
14362
49444
76228
148681
191376
52754
42476
28508
29890
175036
161850
57389
137140
107986
125812
59576
2653
138082
157244
199294
176136
125799
77418
71129
177486
148358
126130
184893
195640
114854
69181
37731
130670
196761
1078
11306
134383
197241
59766
197859
81321
41815
138265
31645
112801
166490
99105
150534
90861
188886
149575
138877
14145
111171
78235
96729
50298
93591
167884
16509
118322
90265
197965
75303
2773
142570
33099
131010
197163
186982
57540
133725
15040
154879
178555
21282
102454
26634
29364
194958
96069
63845
139410
23774
157297
16211
40573
66501
159808
159512
60845
184297
31304
61853
147007
138225
187845
78595
85306
50878
9720
180141
150228
35842
113362
124562
19586
99579
52275
166676
54519
153057
177144
163655
105118
34800
41994
106130
93529
111525
142389
71593
19657
71039
131190
151844
165287
156716
4723
11654
95140
108280
157678
123185
62428
46988
14895
55889
134313
22688
94159
195653
20786
134664
26955
197320
148669
187270
16584
169976
94210
28311
19501
47352
115028
161288
70690
87884
37303
30613
12844
91503
91869
167127
31623
191208
110216
193075
157882
31470
185454
48852
190966
25851
92014
187588
150316
45771
1744
32341
177954
17074
154621
180069
75220
48672
31240
141809
103455
30543
114487
63301
184680
117177
145900
166925
170679
179231
76053
39251
94444
172703
84380
87920
51065
73376
174372
166566
26587
115463
181958
154176
32197
105313
171338
162345
24843
43657
21231
78076
163463
142563
58963
7268
67031
185257
52304
23116
13854
13346
179454
164268
21373
112221
39013
108360
84107
54182
71629
94655
98156
116816
182237
12828
146662
143799
146397
131219
67294
183870
61674
19331
142901
184806
99800
156191
117413
141330
78352
40872
82385
29570
142704
184145
19366
1142
18176
194907
5463
62887
88959
151957
32867
67309
45191
125040
71038
177831
119712
10194
81005
174057
113050
70601
10923
192873
46177
166770
29858
36649
61994
165115
88860
11650
178770
174277
60257
196148
145657
163162
190605
92882
194665
171284
8645
34082
27247
124468
116723
143757
129079
165144
167531
163296
6560
111280
22121
153228
68891
166202
71529
127100
108037
64657
42290
162736
1069
188633
61950
784
14064
168986
60547
8513
147211
98235
78662
87358
133080
68594
27697
25639
148297
103443
156556
199126
152311
196889
114967
134407
111595
81717
183745
191056
134401
188481
41774
151686
180792
79658
83368
156349
97250
100521
102103
162995
192751
147043
126970
8560
130709
104576
34179
129612
133198
46949
9411
104289
15370
115166
187955
125475
40266
92597
185494
195088
118065
191664
146312
165192
175444
2384
104088
55627
53124
160748
57102
154773
879
172799
122894
61779
101854
72695
125530
77355
61161
161683
66725
74298
70216
117575
172401
97756
33528
3946
180891
199247
113263
58960
179864
143532
88646
124467
53063
5680
109088
84582
79593
181622
154571
108491
117815
157229
86431
130823
82443
138634
119374
156820
90317
131328
19547
33165
153092
68626
196322
185896
35567
87181
196198
151163
163135
102340
104073
88623
31607
82830
22658
154986
194635
161868
58362
